sample_index,stamp,odom_x,odom_y,odom_route_dist,odom_route_segment,odom_nearest_waypoint,odom_nearest_waypoint_id,odom_nearest_waypoint_dist,sc_x,sc_y,sc_route_dist,sc_route_segment,sc_nearest_waypoint,sc_nearest_waypoint_id,sc_nearest_waypoint_dist,sc_odom_error,sc_distance,odom_gate_error,odom_gate_pass,sc_accepted,sc_keyframe_id,sc_yaw_shift,rescue_possible
0,1778847466.269,-0.0035,0.0093,0.0099,0,点位1,912,0.0308,-0.0034,0.0117,0.0122,0,点位1,912,0.0331,0.0024,0.0013,0.0024,True,True,7,0,False
1,1778847468.469,-0.0038,0.0089,0.0097,0,点位1,912,0.0305,-0.0045,0.0101,0.0111,0,点位1,912,0.0318,0.0014,0.0011,0.0014,True,True,12,0,False
2,1778847470.569,-0.0033,0.0101,0.0106,0,点位1,912,0.0315,-0.0042,0.0146,0.0152,0,点位1,912,0.0361,0.0046,0.0014,0.0046,True,True,9,0,False
3,1778847472.769,-0.0049,0.0097,0.0109,0,点位1,912,0.0315,-0.0034,0.0117,0.0122,0,点位1,912,0.0331,0.0025,0.0010,0.0025,True,True,7,0,False
4,1778847474.969,-0.0043,0.0098,0.0107,0,点位1,912,0.0315,-0.0045,0.0101,0.0111,0,点位1,912,0.0318,0.0004,0.0023,0.0004,True,True,12,0,False
5,1778847477.069,-0.0031,0.0091,0.0096,0,点位1,912,0.0305,-0.0042,0.0146,0.0152,0,点位1,912,0.0361,0.0056,0.0015,0.0056,True,True,9,0,False
6,1778847479.269,-0.0021,0.0098,0.0100,0,点位1,912,0.0311,-0.0034,0.0145,0.0149,0,点位1,912,0.0359,0.0049,0.0016,0.0049,True,True,20,0,False
7,1778847481.369,-0.0034,0.0117,0.0122,0,点位1,912,0.0331,-0.0049,0.0097,0.0109,0,点位1,912,0.0315,0.0025,0.0010,0.0025,True,True,3,0,False
8,1778847483.469,-0.0050,0.0118,0.0128,0,点位1,912,0.0335,-0.0034,0.0145,0.0149,0,点位1,912,0.0359,0.0032,0.0006,0.0032,True,True,20,0,False
9,1778847485.569,-0.0042,0.0146,0.0152,0,点位1,912,0.0361,-0.0039,0.0152,0.0157,0,点位1,912,0.0366,0.0007,0.0007,0.0007,True,True,22,0,False
10,1778847488.174,-0.0025,0.0080,0.0084,0,点位1,912,0.0294,-0.0027,0.0117,0.0120,0,点位1,912,0.0330,0.0036,0.0102,0.0036,True,True,19,0,False
11,1778847490.369,-0.0021,0.0086,0.0089,0,点位1,912,0.0299,-0.0030,0.0106,0.0111,0,点位1,912,0.0320,0.0022,0.0032,0.0022,True,True,16,0,False
12,1778847492.369,-0.0045,0.0101,0.0111,0,点位1,912,0.0318,-0.0030,0.0106,0.0111,0,点位1,912,0.0320,0.0016,0.0007,0.0016,True,True,16,0,False
13,1778847494.570,-0.0028,0.0089,0.0093,0,点位1,912,0.0303,-0.0019,0.0130,0.0131,0,点位1,912,0.0342,0.0042,0.0010,0.0042,True,True,18,0,False
14,1778847496.870,-0.0027,0.0077,0.0082,0,点位1,912,0.0291,-0.0019,0.0130,0.0131,0,点位1,912,0.0342,0.0053,0.0015,0.0053,True,True,18,0,False
15,1778847498.869,-0.0033,0.0114,0.0119,0,点位1,912,0.0329,-0.0034,0.0117,0.0122,0,点位1,912,0.0331,0.0003,0.0013,0.0003,True,True,7,0,False
16,1778847500.970,-0.0030,0.0106,0.0111,0,点位1,912,0.0320,-0.0039,0.0152,0.0157,0,点位1,912,0.0366,0.0046,0.0015,0.0046,True,True,22,0,False
17,1778847503.174,-0.0032,0.0123,0.0127,0,点位1,912,0.0337,-0.0049,0.0097,0.0109,0,点位1,912,0.0315,0.0031,0.0142,0.0031,True,True,3,0,False
18,1778847505.270,-0.0019,0.0130,0.0131,0,点位1,912,0.0342,-0.0028,0.0089,0.0093,0,点位1,912,0.0303,0.0042,0.0010,0.0042,True,True,13,0,False
19,1778847507.370,-0.0027,0.0117,0.0120,0,点位1,912,0.0330,-0.0045,0.0101,0.0111,0,点位1,912,0.0318,0.0024,0.0009,0.0024,True,True,12,0,False
20,1778847509.370,-0.0034,0.0145,0.0149,0,点位1,912,0.0359,-0.0050,0.0118,0.0128,0,点位1,912,0.0335,0.0032,0.0006,0.0032,True,True,8,0,False
21,1778847511.470,-0.0027,0.0139,0.0142,0,点位1,912,0.0353,-0.0042,0.0146,0.0152,0,点位1,912,0.0361,0.0017,0.0014,0.0017,True,True,9,0,False
22,1778847513.470,-0.0039,0.0152,0.0157,0,点位1,912,0.0366,-0.0042,0.0146,0.0152,0,点位1,912,0.0361,0.0007,0.0007,0.0007,True,True,9,0,False
23,1778847515.470,0.0037,0.0133,0.0138,0,点位1,912,0.0343,-0.0035,0.0093,0.0099,0,点位1,912,0.0308,0.0082,0.0175,0.0082,True,True,0,0,False
24,1778847517.970,0.1114,0.0273,0.1147,0,点位1,912,0.1196,0.2192,0.3063,0.3766,0,点位1,912,0.3927,0.2991,0.0325,0.2991,True,True,54,0,False
25,1778847520.370,0.1842,0.0743,0.1986,0,点位1,912,0.2056,0.3240,0.4181,0.5290,0,点位1,912,0.5446,0.3712,0.0193,0.3712,True,True,55,0,False
26,1778847522.370,0.2610,0.1377,0.2951,0,点位1,912,0.3037,0.3240,0.4181,0.5290,0,点位1,912,0.5446,0.2874,0.1109,0.2874,True,True,55,88,False
27,1778847524.470,0.3729,0.1822,0.4150,0,点位1,912,0.4229,-0.3301,-0.3715,0.3358,1,点位1,912,0.4828,0.8949,0.0708,0.8949,True,True,710,0,False
28,1778847526.670,0.4917,0.1699,0.5202,0,点位1,912,0.5256,0.9528,0.3443,1.0131,0,点位1,912,1.0185,0.4930,0.1611,0.4930,True,True,58,0,False
29,1778847528.770,0.5840,0.1537,0.6038,0,点位1,912,0.6076,0.9528,0.3443,1.0131,0,点位1,912,1.0185,0.4152,0.0918,0.4152,True,True,58,0,False
30,1778847531.070,0.7359,0.0702,0.7392,0,点位1,912,0.7396,0.9758,0.3240,1.0281,0,点位1,912,1.0330,0.3492,0.0520,0.3492,True,True,59,0,False
31,1778847533.175,0.8329,-0.0523,0.8305,1,点位1,912,0.8315,0.7759,-0.5715,0.7679,1,点位1,912,0.9497,0.5224,0.3358,0.5224,True,True,35,1,False
32,1778847535.175,0.8872,-0.2054,0.8832,1,点位1,912,0.9042,0.6124,-0.8050,0.6020,1,点位1,912,0.9937,0.6596,0.3883,0.6596,True,False,38,0,False
33,1778847537.175,0.8825,-0.3235,0.8772,1,点位1,912,0.9310,0.0715,-0.8845,0.0603,1,点位1,912,0.8663,0.9861,0.3524,0.9861,True,False,44,82,False
34,1778847539.370,0.8064,-0.4558,0.7997,1,点位1,912,0.9144,0.9948,-0.4263,0.9884,1,点位1,912,1.0723,0.1907,0.2432,0.1907,True,True,68,0,False
35,1778847541.470,0.7759,-0.5715,0.7679,1,点位1,912,0.9497,0.5457,-0.8293,0.5350,1,点位1,912,0.9741,0.3455,0.2701,0.3455,True,True,39,3,False
36,1778847543.671,0.7240,-0.6700,0.7151,1,点位1,912,0.9709,0.0715,-0.8845,0.0603,1,点位1,912,0.8663,0.6869,0.2973,0.6869,True,True,44,0,False
37,1778847545.770,0.6792,-0.7567,0.6693,1,点位1,912,0.9999,0.3585,-0.9004,0.3470,1,点位1,912,0.9489,0.3515,0.2350,0.3515,True,True,41,0,False
38,1778847547.970,0.6124,-0.8050,0.6020,1,点位1,912,0.9937,0.2392,-0.9177,0.2276,1,点位1,912,0.9276,0.3899,0.2317,0.3899,True,True,42,0,False
39,1778847550.070,0.5457,-0.8293,0.5350,1,点位1,912,0.9741,0.1698,-0.9077,0.1583,1,点位1,912,0.9025,0.3840,0.2065,0.3840,True,True,43,0,False
40,1778847552.371,0.4608,-0.8658,0.4498,1,点位1,912,0.9614,0.0715,-0.8845,0.0603,1,点位1,912,0.8663,0.3898,0.1932,0.3898,True,True,44,0,False
41,1778847554.671,0.3585,-0.9004,0.3470,1,点位1,912,0.9489,0.3207,-1.4676,0.3033,1,点位1,912,1.4813,0.5684,0.2326,0.5684,True,True,74,2,False
42,1778847556.670,0.2392,-0.9177,0.2276,1,点位1,912,0.9276,0.3207,-1.4676,0.3033,1,点位1,912,1.4813,0.5559,0.2171,0.5559,True,True,74,2,False
43,1778847558.770,0.1698,-0.9077,0.1583,1,点位1,912,0.9025,0.3207,-1.4676,0.3033,1,点位1,912,1.4813,0.5799,0.2008,0.5799,True,True,74,0,False
44,1778847560.771,0.0715,-0.8845,0.0603,1,点位1,912,0.8663,0.4608,-0.8658,0.4498,1,点位1,912,0.9614,0.3898,0.1932,0.3898,True,True,40,0,False
45,1778847563.071,-0.0332,-0.7972,0.0434,1,点位1,912,0.7770,0.8033,-0.7930,0.7931,1,点位1,912,1.1127,0.8365,0.2483,0.8365,True,True,71,0,False
46,1778847565.371,-0.1041,-0.6649,0.1129,1,点位1,912,0.6526,0.8033,-0.7930,0.7931,1,点位1,912,1.1127,0.9164,0.2818,0.9164,True,True,71,0,False
47,1778847567.371,-0.1443,-0.5407,0.1519,1,点位1,912,0.5399,0.1114,0.0273,0.1147,0,点位1,912,0.1196,0.6229,0.1916,0.6229,True,True,24,0,False
48,1778847569.871,-0.1382,-0.4398,0.1447,1,点位1,912,0.4416,0.4917,0.1699,0.5202,0,点位1,912,0.5256,0.8766,0.2093,0.8766,True,True,28,0,False
49,1778847572.071,-0.1109,-0.3143,0.1160,1,点位1,912,0.3143,0.1842,0.0743,0.1986,0,点位1,912,0.2056,0.4880,0.1703,0.4880,True,True,25,0,False
50,1778847574.471,-0.0971,-0.2008,0.1010,1,点位1,912,0.2053,0.1842,0.0743,0.1986,0,点位1,912,0.2056,0.3935,0.1744,0.3935,True,True,25,0,False
51,1778847576.571,-0.0823,-0.1225,0.0854,1,点位1,912,0.1320,0.5326,0.4751,0.7137,0,点位1,912,0.7264,0.8575,0.1782,0.8575,True,True,56,0,False
52,1778847579.175,0.0048,0.0417,0.0420,0,点位1,912,0.0628,-0.0039,0.0152,0.0157,0,点位1,912,0.0366,0.0279,0.1381,0.0279,True,True,22,0,False
53,1778847581.471,0.1278,0.2311,0.2641,0,点位1,912,0.2818,0.0037,0.0133,0.0138,0,点位1,912,0.0343,0.2507,0.0230,0.2507,True,True,23,0,False
54,1778847583.471,0.2192,0.3063,0.3766,0,点位1,912,0.3927,-0.0727,-0.0958,0.0755,1,点位1,912,0.1057,0.4968,0.0433,0.4968,True,True,736,0,False
55,1778847585.571,0.3240,0.4181,0.5290,0,点位1,912,0.5446,0.1842,0.0743,0.1986,0,点位1,912,0.2056,0.3712,0.0193,0.3712,True,True,25,0,False
56,1778847587.671,0.5326,0.4751,0.7137,0,点位1,912,0.7264,0.2610,0.1377,0.2951,0,点位1,912,0.3037,0.4331,0.1056,0.4331,True,True,26,0,False
57,1778847589.671,0.7171,0.4636,0.8539,0,点位1,912,0.8639,0.4917,0.1699,0.5202,0,点位1,912,0.5256,0.3703,0.0905,0.3703,True,True,28,1,False
58,1778847591.772,0.9528,0.3443,1.0131,0,点位1,912,1.0185,0.9804,0.3126,1.0290,0,点位1,912,1.0337,0.0420,0.0679,0.0420,True,True,65,0,False
59,1778847593.971,0.9758,0.3240,1.0281,0,点位1,912,1.0330,0.9804,0.3126,1.0290,0,点位1,912,1.0337,0.0123,0.0156,0.0123,True,True,65,0,False
60,1778847595.971,0.9837,0.3206,1.0346,0,点位1,912,1.0394,1.0030,0.2768,1.0405,0,点位1,912,1.0443,0.0479,0.0172,0.0479,True,True,66,0,False
61,1778847598.071,0.9776,0.3215,1.0291,0,点位1,912,1.0340,0.9804,0.3126,1.0290,0,点位1,912,1.0337,0.0094,0.0143,0.0094,True,True,65,0,False
62,1778847600.071,0.9790,0.3163,1.0288,0,点位1,912,1.0336,1.0030,0.2768,1.0405,0,点位1,912,1.0443,0.0462,0.0288,0.0462,True,True,66,0,False
63,1778847602.071,0.9809,0.3133,1.0297,0,点位1,912,1.0344,0.9758,0.3240,1.0281,0,点位1,912,1.0330,0.0118,0.0202,0.0118,True,True,59,0,False
64,1778847604.176,0.9762,0.3151,1.0257,0,点位1,912,1.0305,0.9758,0.3240,1.0281,0,点位1,912,1.0330,0.0089,0.0394,0.0089,True,True,59,0,False
65,1778847606.271,0.9804,0.3126,1.0290,0,点位1,912,1.0337,0.9776,0.3215,1.0291,0,点位1,912,1.0340,0.0094,0.0143,0.0094,True,True,61,0,False
66,1778847608.572,1.0030,0.2768,1.0405,0,点位1,912,1.0443,0.9837,0.3206,1.0346,0,点位1,912,1.0394,0.0479,0.0172,0.0479,True,True,60,0,False
67,1778847610.671,1.0115,-0.0155,1.0095,1,点位1,912,1.0095,0.8033,-0.7930,0.7931,1,点位1,912,1.1127,0.8048,0.1181,0.8048,True,True,71,0,True
68,1778847612.672,0.9948,-0.4263,0.9884,1,点位1,912,1.0723,0.3242,-0.9587,0.3122,1,点位1,912,0.9915,0.8562,0.1040,0.8562,True,True,72,0,False
69,1778847614.772,1.0332,-0.7220,1.0237,1,点位1,912,1.2469,0.7359,0.0702,0.7392,0,点位1,912,0.7396,0.8461,0.0989,0.8461,True,True,30,0,True
70,1778847616.872,0.9615,-0.7827,0.9513,1,点位1,912,1.2251,0.7359,0.0702,0.7392,0,点位1,912,0.7396,0.8822,0.1062,0.8822,True,True,30,0,False
71,1778847618.972,0.8033,-0.7930,0.7931,1,点位1,912,1.1127,0.7359,0.0702,0.7392,0,点位1,912,0.7396,0.8658,0.0930,0.8658,True,True,30,0,False
72,1778847620.972,0.3242,-0.9587,0.3122,1,点位1,912,0.9915,0.9948,-0.4263,0.9884,1,点位1,912,1.0723,0.8562,0.1040,0.8562,True,True,68,0,False
73,1778847623.072,0.2922,-1.3492,0.2760,1,点位1,912,1.3595,0.4764,-2.1849,0.4513,1,点位1,912,2.2153,0.8558,0.1577,0.8558,True,True,77,0,False
74,1778847625.372,0.3207,-1.4676,0.3033,1,点位1,912,1.4813,0.0715,-0.8845,0.0603,1,点位1,912,0.8663,0.6342,0.1938,0.6342,True,True,44,0,False
75,1778847627.472,0.3971,-1.8429,0.3756,1,点位1,912,1.8642,0.1698,-0.9077,0.1583,1,点位1,912,0.9025,0.9624,0.1520,0.9624,True,True,43,0,False
76,1778847629.572,0.4684,-1.9981,0.4453,1,点位1,912,2.0314,5.8712,5.8870,4.0089,22,点位22,933,4.7685,9.5585,0.0876,9.5585,False,False,330,0,False
77,1778847631.672,0.4764,-2.1849,0.4513,1,点位1,912,2.2153,0.2922,-1.3492,0.2760,1,点位1,912,1.3595,0.8558,0.1577,0.8558,True,True,73,0,False
78,1778847633.972,0.4963,-2.8319,0.4643,1,点位1,912,2.8540,11.3426,14.5624,1.1084,20,点位15,926,4.0697,20.4988,0.0826,20.4988,False,False,577,0,False
79,1778847636.072,0.6476,-3.1062,0.6127,1,点位1,912,3.1520,6.1486,6.0317,4.0330,22,点位22,933,4.6281,10.6659,0.0658,10.6659,False,False,328,0,False
80,1778847638.472,0.7075,-3.1793,0.6717,1,点位1,912,3.2361,0.3538,-4.3408,0.3057,1,点位2,913,4.3091,1.2141,0.0367,1.2141,False,False,85,0,False
81,1778847640.572,0.7477,-3.2425,0.7113,1,点位1,912,3.3067,0.3538,-4.3408,0.3057,1,点位2,913,4.3091,1.1668,0.0454,1.1668,False,False,85,0,False
82,1778847642.672,0.7556,-3.4289,0.7172,1,点位1,912,3.4902,-0.1688,-5.0188,0.2241,1,点位2,913,3.6327,1.8391,0.0799,1.8391,False,False,89,0,False
83,1778847644.772,0.5906,-3.7361,0.5489,1,点位1,912,3.7615,-0.1688,-5.0188,0.2241,1,点位2,913,3.6327,1.4906,0.0413,1.4906,False,False,89,0,False
84,1778847646.772,0.4514,-4.2686,0.4041,1,点位1,912,4.2713,-0.1688,-5.0188,0.2241,1,点位2,913,3.6327,0.9734,0.0153,0.9734,True,True,89,0,False
85,1778847648.872,0.3538,-4.3408,0.3057,1,点位2,913,4.3091,-0.1688,-5.0188,0.2241,1,点位2,913,3.6327,0.8561,0.0430,0.8561,True,True,89,0,False
86,1778847651.177,-0.0416,-4.2590,0.0888,1,点位1,912,4.2382,-0.1734,-5.3598,0.2323,1,点位2,913,3.2930,1.1087,0.0594,1.1087,False,False,90,0,False
87,1778847653.177,-0.2664,-4.4238,0.3154,1,点位2,913,4.2336,-0.2871,-5.6794,0.3494,1,点位2,913,2.9870,1.2558,0.0823,1.2558,False,False,91,0,False
88,1778847655.177,-0.2333,-4.9351,0.2877,1,点位2,913,3.7213,-0.8382,-5.2426,0.8959,1,点位2,913,3.5249,0.6786,0.0486,0.6786,True,True,118,0,False
89,1778847657.572,-0.1688,-5.0188,0.2241,1,点位2,913,3.6327,0.4514,-4.2686,0.4041,1,点位1,912,4.2713,0.9734,0.0153,0.9734,True,True,84,0,False
90,1778847659.672,-0.1734,-5.3598,0.2323,1,点位2,913,3.2930,0.5906,-3.7361,0.5489,1,点位1,912,3.7615,1.7944,0.0655,1.7944,False,False,83,0,False
91,1778847662.473,-0.2871,-5.6794,0.3494,1,点位2,913,2.9870,9.1849,16.5216,1.0128,20,点位14,925,2.1264,24.1371,0.0652,24.1371,False,False,606,0,False
92,1778847664.472,-0.4607,-5.9985,0.5264,1,点位2,913,2.7011,8.3520,16.8343,1.3893,20,点位14,925,1.4992,24.4745,0.0561,24.4745,False,False,607,0,False
93,1778847666.772,-0.6818,-6.2426,0.7502,1,点位2,913,2.5217,22.1509,17.8392,0.2012,17,点位18,929,1.4745,33.1854,0.0560,33.1854,False,False,547,0,False
94,1778847668.772,-0.9519,-6.4305,1.0222,1,点位2,913,2.4463,22.1509,17.8392,0.2012,17,点位18,929,1.4745,33.5076,0.0959,33.5076,False,False,547,0,False
95,1778847671.073,-1.2369,-6.5672,1.3087,1,点位2,913,2.4649,5.2330,11.3572,0.0771,10,点位11,922,0.8720,19.0564,0.0912,19.0564,False,False,368,0,False
96,1778847673.073,-1.4611,-6.6062,1.5333,1,点位2,913,2.5618,-2.1093,-5.8475,2.1733,1,点位6,917,2.2906,0.9979,0.2998,0.9979,True,True,100,0,False
97,1778847675.073,-1.6765,-6.5628,1.7482,1,点位2,913,2.7308,-3.5793,-8.5356,1.4427,5,点位5,916,1.9812,2.7409,0.0879,2.7409,False,False,145,0,False
98,1778847677.373,-1.9231,-6.3613,1.9927,1,点位6,917,2.5483,-1.1474,7.1873,1.5103,23,点位23,934,2.0205,13.5708,0.0944,13.5708,False,False,222,0,False
99,1778847679.573,-2.0602,-6.0997,2.1269,1,点位6,917,2.3632,-1.0954,6.8645,1.2895,23,点位23,934,2.0420,13.0000,0.0947,13.0000,False,False,223,0,False
100,1778847681.573,-2.1093,-5.8475,2.1733,1,点位6,917,2.2906,-1.4611,-6.6062,1.5333,1,点位2,913,2.5618,0.9979,0.2998,0.9979,True,True,96,0,False
101,1778847683.773,-1.9570,-5.4470,2.0168,1,点位6,917,2.4602,-1.3411,6.1591,1.1073,23,点位24,935,2.3393,11.6225,0.1043,11.6225,False,False,226,0,False
102,1778847686.073,-1.5961,-5.1366,1.6526,1,点位6,917,2.8691,-0.8450,-5.2416,0.9027,1,点位2,913,3.5276,0.7584,0.2200,0.7584,True,True,121,0,True
103,1778847688.177,-1.3947,-5.0309,1.4501,1,点位6,917,3.0891,-0.8391,-5.2448,0.8968,1,点位2,913,3.5230,0.5954,0.2204,0.5954,True,True,112,0,True
104,1778847690.177,-1.2041,-5.0661,1.2598,1,点位6,917,3.2672,-0.8426,-5.2449,0.9003,1,点位2,913,3.5239,0.4033,0.1728,0.4033,True,True,111,0,True
105,1778847692.273,-1.0812,-5.1062,1.1374,1,点位6,917,3.3795,-0.8439,-5.2444,0.9016,1,点位2,913,3.5247,0.2746,0.1144,0.2746,True,True,116,0,True
106,1778847694.373,-0.9362,-5.1808,0.9932,1,点位6,917,3.5089,-0.8391,-5.2448,0.8968,1,点位2,913,3.5230,0.1163,0.0396,0.1163,True,True,112,0,False
107,1778847696.573,-0.8443,-5.2380,0.9020,1,点位2,913,3.5309,-0.8409,-5.2449,0.8986,1,点位2,913,3.5234,0.0077,0.0044,0.0077,True,True,113,0,False
108,1778847698.573,-0.8414,-5.2423,0.8991,1,点位2,913,3.5260,-0.8439,-5.2444,0.9016,1,点位2,913,3.5247,0.0032,0.0029,0.0032,True,True,116,0,False
109,1778847700.673,-0.8384,-5.2438,0.8961,1,点位2,913,3.5238,-0.8439,-5.2444,0.9016,1,点位2,913,3.5247,0.0055,0.0035,0.0055,True,True,116,0,False
110,1778847702.973,-0.8404,-5.2448,0.8981,1,点位2,913,3.5233,-0.8439,-5.2444,0.9016,1,点位2,913,3.5247,0.0035,0.0016,0.0035,True,True,116,0,False
111,1778847704.973,-0.8426,-5.2449,0.9003,1,点位2,913,3.5239,-0.8413,-5.2425,0.8990,1,点位2,913,3.5258,0.0027,0.0013,0.0027,True,True,120,0,False
112,1778847706.973,-0.8391,-5.2448,0.8968,1,点位2,913,3.5230,-0.8413,-5.2425,0.8990,1,点位2,913,3.5258,0.0032,0.0045,0.0032,True,True,120,0,False
113,1778847708.973,-0.8409,-5.2449,0.8986,1,点位2,913,3.5234,-0.8402,-5.2427,0.8979,1,点位2,913,3.5253,0.0023,0.0035,0.0023,True,True,119,0,False
114,1778847711.073,-0.8412,-5.2423,0.8988,1,点位2,913,3.5260,-0.8402,-5.2427,0.8979,1,点位2,913,3.5253,0.0011,0.0012,0.0011,True,True,119,0,False
115,1778847713.273,-0.8491,-5.2420,0.9067,1,点位2,913,3.5284,-0.8402,-5.2427,0.8979,1,点位2,913,3.5253,0.0089,0.0018,0.0089,True,True,119,0,False
116,1778847715.873,-0.8439,-5.2444,0.9016,1,点位2,913,3.5247,-0.8404,-5.2448,0.8981,1,点位2,913,3.5233,0.0035,0.0016,0.0035,True,True,110,0,False
117,1778847717.973,-0.8406,-5.2422,0.8983,1,点位2,913,3.5260,-0.8450,-5.2416,0.9027,1,点位2,913,3.5276,0.0045,0.0022,0.0045,True,True,121,0,False
118,1778847720.178,-0.8382,-5.2426,0.8959,1,点位2,913,3.5249,-0.8404,-5.2448,0.8981,1,点位2,913,3.5233,0.0031,0.0423,0.0031,True,True,110,0,False
119,1778847722.274,-0.8402,-5.2427,0.8979,1,点位2,913,3.5253,-0.8412,-5.2423,0.8988,1,点位2,913,3.5260,0.0011,0.0012,0.0011,True,True,114,0,False
120,1778847724.474,-0.8413,-5.2425,0.8990,1,点位2,913,3.5258,-0.8426,-5.2449,0.9003,1,点位2,913,3.5239,0.0027,0.0013,0.0027,True,True,111,0,False
121,1778847726.574,-0.8450,-5.2416,0.9027,1,点位2,913,3.5276,-0.8412,-5.2423,0.8988,1,点位2,913,3.5260,0.0039,0.0018,0.0039,True,True,114,0,False
122,1778847728.574,-0.8437,-5.2407,0.9013,1,点位2,913,3.5282,-0.8426,-5.2449,0.9003,1,点位2,913,3.5239,0.0044,0.0017,0.0044,True,True,111,0,False
123,1778847730.674,-0.8312,-5.2781,0.8892,1,点位2,913,3.4888,-0.8391,-5.2448,0.8968,1,点位2,913,3.5230,0.0342,0.0221,0.0342,True,True,112,0,False
124,1778847732.974,-0.7101,-6.0143,0.7760,1,点位2,913,2.7480,5.5313,15.5329,0.2981,12,点位21,932,0.9213,22.4329,0.0750,22.4329,False,False,394,0,False
125,1778847735.074,-0.5117,-6.8752,0.5868,1,点位2,913,1.8677,-0.1646,-9.5058,0.1929,2,点位2,913,0.9017,2.6534,0.0654,2.6534,False,False,131,0,False
126,1778847737.274,-0.3038,-7.3964,0.3844,1,点位2,913,1.3076,-0.4536,-10.5549,0.4020,2,点位3,914,0.9805,3.1621,0.0448,3.1621,False,False,134,0,False
127,1778847739.374,-0.2834,-7.6410,0.3667,1,点位2,913,1.0698,-1.8002,5.9490,1.3755,23,点位24,935,2.1349,13.6744,0.1001,13.6744,False,False,248,0,False
128,1778847741.574,-0.2930,-8.3466,0.3839,1,点位2,913,0.4869,-0.3369,-10.2614,0.3078,2,点位3,914,1.2348,1.9152,0.0277,1.9152,False,False,133,0,False
129,1778847743.974,0.0079,-9.0857,0.0524,2,点位2,913,0.4520,-0.4536,-10.5549,0.4020,2,点位3,914,0.9805,1.5400,0.0508,1.5400,False,False,134,0,False
130,1778847746.178,-0.0384,-9.1599,0.0931,2,点位2,913,0.5345,-0.4536,-10.5549,0.4020,2,点位3,914,0.9805,1.4556,0.0603,1.4556,False,False,134,0,False
131,1778847748.474,-0.1646,-9.5058,0.1929,2,点位2,913,0.9017,5.4611,11.0760,0.2389,10,点位22,933,0.6362,21.3368,0.0652,21.3368,False,False,370,0,False
132,1778847750.474,-0.1918,-9.8889,0.1911,2,点位2,913,1.2792,-0.2930,-8.3466,0.3839,1,点位2,913,0.4869,1.5455,0.0392,1.5455,False,False,128,0,False
133,1778847752.575,-0.3369,-10.2614,0.3078,2,点位3,914,1.2348,-0.2930,-8.3466,0.3839,1,点位2,913,0.4869,1.9152,0.0277,1.9152,False,False,128,0,False
134,1778847754.674,-0.4536,-10.5549,0.4020,2,点位3,914,0.9805,-0.2930,-8.3466,0.3839,1,点位2,913,0.4869,2.2141,0.0323,2.2141,False,False,128,0,False
135,1778847756.774,-0.6238,-10.8007,0.5533,2,点位3,914,0.8433,-0.5117,-6.8752,0.5868,1,点位2,913,1.8677,3.9270,0.0762,3.9270,False,False,125,0,False
136,1778847759.179,-0.8766,-10.9740,0.4480,3,点位3,914,0.9086,6.1309,10.3721,0.3424,21,点位22,933,0.3424,22.4669,0.0704,22.4669,False,False,670,0,False
137,1778847761.274,-1.2167,-11.0807,0.3173,3,点位3,914,1.1661,5.9664,15.7758,0.1874,12,点位21,932,0.6646,27.8005,0.1172,27.8005,False,False,413,0,False
138,1778847763.374,-1.6368,-11.1029,0.2653,3,点位3,914,1.5623,-1.4611,-6.6062,1.5333,1,点位2,913,2.5618,4.5001,0.1290,4.5001,False,False,96,0,False
139,1778847765.475,-2.1133,-10.9917,0.3423,3,点位4,915,1.3819,-1.4611,-6.6062,1.5333,1,点位2,913,2.5618,4.4338,0.0989,4.4338,False,False,96,0,False
140,1778847767.474,-2.4880,-10.7856,0.5213,3,点位4,915,1.0839,-3.5793,-8.5356,1.4427,5,点位5,916,1.9812,2.5006,0.0936,2.5006,False,False,145,0,False
141,1778847769.775,-2.7637,-10.5420,0.7447,3,点位4,915,0.9938,-2.9518,9.9252,1.1070,9,点位9,920,1.5949,20.4680,0.1559,20.4680,False,False,257,0,False
142,1778847772.179,-2.9647,-10.2557,1.0160,3,点位4,915,1.1060,-3.6021,-8.4341,1.3969,5,点位5,916,2.0143,1.9299,0.0702,1.9299,False,False,146,0,False
143,1778847774.179,-3.1266,-9.8550,1.2446,4,点位4,915,1.4257,-3.6527,-8.1340,1.2780,5,点位5,916,2.1519,1.7997,0.1047,1.7997,False,False,150,0,False
144,1778847776.375,-3.3461,-9.1051,1.6404,4,点位5,916,1.9957,-3.6459,-8.1584,1.2902,5,点位5,916,2.1415,0.9931,0.0787,0.9931,True,True,151,0,False
145,1778847778.674,-3.5793,-8.5356,1.4427,5,点位5,916,1.9812,-3.6459,-8.1584,1.2902,5,点位5,916,2.1415,0.3831,0.1223,0.3831,True,True,151,0,False
146,1778847780.675,-3.6021,-8.4341,1.3969,5,点位5,916,2.0143,-3.6527,-8.1340,1.2780,5,点位5,916,2.1519,0.3043,0.0437,0.3043,True,True,150,0,False
147,1778847783.375,-3.6130,-8.2092,1.3340,5,点位5,916,2.1354,-3.6004,-7.7866,1.2481,5,点位6,917,2.1835,0.4227,0.1417,0.4227,True,True,152,0,False
148,1778847785.675,-3.6335,-8.1673,1.3044,5,点位5,916,2.1454,-3.6004,-7.7866,1.2481,5,点位6,917,2.1835,0.3822,0.1363,0.3822,True,True,152,0,False
149,1778847787.775,-3.6481,-8.1690,1.2905,5,点位5,916,2.1331,-3.3461,-9.1051,1.6404,4,点位5,916,1.9957,0.9836,0.1299,0.9836,True,True,144,0,False
150,1778847790.179,-3.6527,-8.1340,1.2780,5,点位5,916,2.1519,-3.5521,-6.6151,1.0229,5,点位6,917,1.2071,1.5222,0.1033,1.5222,False,False,154,0,False
151,1778847792.475,-3.6459,-8.1584,1.2902,5,点位5,916,2.1415,-3.6021,-8.4341,1.3969,5,点位5,916,2.0143,0.2792,0.0452,0.2792,True,True,146,0,False
152,1778847794.475,-3.6004,-7.7866,1.2481,5,点位6,917,2.1835,-3.6021,-8.4341,1.3969,5,点位5,916,2.0143,0.6475,0.0617,0.6475,True,True,146,0,False
153,1778847796.575,-3.5736,-7.1406,1.1240,5,点位6,917,1.6132,-3.6021,-8.4341,1.3969,5,点位5,916,2.0143,1.2938,0.0952,1.2938,False,False,146,0,False
154,1778847798.675,-3.5521,-6.6151,1.0229,5,点位6,917,1.2071,-3.6527,-8.1340,1.2780,5,点位5,916,2.1519,1.5222,0.1033,1.5222,False,False,150,0,False
155,1778847801.275,-3.5388,-5.9192,0.8749,5,点位6,917,0.8749,0.3155,4.9523,0.9399,23,点位24,935,2.1759,11.5345,0.0905,11.5345,False,False,700,0,False
156,1778847803.475,-3.5480,-5.2837,0.8467,6,点位6,917,0.9714,0.3155,4.9523,0.9399,23,点位24,935,2.1759,10.9409,0.0915,10.9409,False,False,700,0,False
157,1778847805.875,-3.6257,-4.5452,0.7639,6,点位6,917,1.4344,0.3155,4.9523,0.9399,23,点位24,935,2.1759,10.2828,0.1481,10.2828,False,False,700,0,False
158,1778847807.975,-3.7699,-4.0717,0.6165,6,点位6,917,1.7958,-0.0332,-0.7972,0.0434,1,点位1,912,0.7770,4.9684,0.0917,4.9684,False,False,45,0,False
159,1778847809.975,-3.8146,-3.8328,0.5701,6,点位7,918,1.7949,-4.2689,-0.9675,0.0937,7,点位7,918,1.1641,2.9011,0.0885,2.9011,False,False,166,0,False
160,1778847812.275,-3.7892,-3.2397,0.5915,6,点位7,918,1.2566,-4.2689,-0.9675,0.0937,7,点位7,918,1.1641,2.3223,0.0694,2.3223,False,False,166,0,False
161,1778847814.375,-3.9790,-2.7077,0.3980,6,点位7,918,0.7018,-4.2443,-1.2993,0.1212,7,点位7,918,0.8377,1.4332,0.0321,1.4332,False,False,165,0,False
162,1778847816.475,-4.0680,-2.6077,0.3083,6,点位7,918,0.5693,-3.9283,-1.6932,0.4408,7,点位7,918,0.6213,0.9252,0.2484,0.9252,True,True,181,0,False
163,1778847818.475,-4.0997,-2.3831,0.2751,6,点位7,918,0.3746,-4.3118,-1.5696,0.0562,7,点位7,918,0.5607,0.8407,0.1978,0.8407,True,True,182,0,False
164,1778847820.575,-4.1647,-1.8273,0.2056,7,点位7,918,0.3649,-4.5632,-1.2491,0.1981,7,点位7,918,0.8982,0.7022,0.1159,0.7022,True,True,199,0,False
165,1778847822.675,-4.2443,-1.2993,0.1212,7,点位7,918,0.8377,-4.5563,-0.8858,0.1945,7,点位7,918,1.2547,0.5180,0.0333,0.5180,True,True,200,0,False
166,1778847824.675,-4.2689,-0.9675,0.0937,7,点位7,918,1.1641,-4.5563,-0.8858,0.1945,7,点位7,918,1.2547,0.2988,0.0479,0.2988,True,True,200,0,False
167,1778847826.975,-4.2449,-0.6889,0.1152,7,点位7,918,1.4438,-4.4811,-0.2134,0.1253,7,点位7,918,1.9166,0.5309,0.1000,0.5309,True,True,201,0,False
168,1778847829.075,-4.1087,-0.4354,0.2491,7,点位7,918,1.7121,-4.4811,-0.2134,0.1253,7,点位7,918,1.9166,0.4335,0.1960,0.4335,True,True,201,86,False
169,1778847831.180,-3.9581,-0.2933,0.3984,7,点位7,918,1.8800,-4.4811,-0.2134,0.1253,7,点位7,918,1.9166,0.5290,0.2671,0.5290,True,True,201,84,False
170,1778847833.376,-3.8336,-0.1313,0.5215,7,点位7,918,2.0673,-4.4811,-0.2134,0.1253,7,点位7,918,1.9166,0.6527,0.2969,0.6527,True,True,201,82,False
171,1778847835.476,-3.6198,0.0044,0.7340,7,点位7,918,2.2606,0.6792,-0.7567,0.6693,1,点位1,912,0.9999,4.3658,0.0693,4.3658,False,False,37,0,False
172,1778847837.476,-3.3474,0.0049,1.0065,7,点位7,918,2.3658,0.5457,-0.8293,0.5350,1,点位1,912,0.9741,3.9814,0.0645,3.9814,False,False,39,0,False
173,1778847839.676,-3.2873,-0.1084,1.0675,7,点位7,918,2.2920,-4.3118,-1.5696,0.0562,7,点位7,918,0.5607,1.7846,0.0483,1.7846,False,False,182,0,False
174,1778847841.676,-3.1448,-0.2343,1.2112,7,点位7,918,2.2563,-4.5632,-1.2491,0.1981,7,点位7,918,0.8982,1.7441,0.0492,1.7441,False,False,199,0,False
175,1778847843.676,-2.9686,-0.4327,1.3891,7,点位7,918,2.2007,-4.2689,-0.9675,0.0937,7,点位7,918,1.1641,1.4060,0.0683,1.4060,False,False,166,0,False
176,1778847846.076,-2.9157,-0.7207,1.4446,7,点位7,918,2.0252,-4.4811,-0.2134,0.1253,7,点位7,918,1.9166,1.6455,0.1391,1.6455,False,False,201,0,False
177,1778847848.276,-2.9915,-1.0076,1.3714,7,点位7,918,1.7781,-4.1087,-0.4354,0.2491,7,点位7,918,1.7121,1.2553,0.0930,1.2553,False,False,168,0,False
178,1778847850.776,-3.2125,-1.2985,1.1531,7,点位7,918,1.4259,5.4152,16.7397,0.0750,12,点位21,932,1.7638,19.9953,0.0847,19.9953,False,False,612,0,False
179,1778847852.976,-3.3709,-1.4645,0.9961,7,点位7,918,1.2013,-4.2443,-1.2993,0.1212,7,点位7,918,0.8377,0.8889,0.2342,0.8889,True,True,165,0,False
180,1778847854.976,-3.6105,-1.6730,0.7584,7,点位7,918,0.8874,-4.5384,-1.3016,0.1728,7,点位7,918,0.8418,0.9994,0.2409,0.9994,True,True,194,0,False
181,1778847857.076,-3.9283,-1.6932,0.4408,7,点位7,918,0.6213,-4.5364,-1.2840,0.1710,7,点位7,918,0.8586,0.7329,0.2030,0.7329,True,True,185,0,False
182,1778847859.676,-4.3118,-1.5696,0.0562,7,点位7,918,0.5607,-4.5466,-1.2764,0.1812,7,点位7,918,0.8681,0.3756,0.0831,0.3756,True,True,190,0,False
183,1778847861.776,-4.5089,-1.3404,0.1429,7,点位7,918,0.7983,-4.5466,-1.2764,0.1812,7,点位7,918,0.8681,0.0743,0.0122,0.0743,True,True,190,0,False
184,1778847863.876,-4.5561,-1.2551,0.1909,7,点位7,918,0.8909,-4.5450,-1.2788,0.1796,7,点位7,918,0.8655,0.0261,0.0010,0.0261,True,True,198,0,False
185,1778847865.976,-4.5364,-1.2840,0.1710,7,点位7,918,0.8586,-4.5450,-1.2788,0.1796,7,点位7,918,0.8655,0.0101,0.0006,0.0101,True,True,198,0,False
186,1778847868.076,-4.5447,-1.2801,0.1793,7,点位7,918,0.8641,-4.5474,-1.2820,0.1820,7,点位7,918,0.8629,0.0033,0.0012,0.0033,True,True,191,0,False
187,1778847871.076,-4.5532,-1.2425,0.1881,7,点位7,918,0.9027,-4.5384,-1.3041,0.1728,7,点位7,918,0.8394,0.0633,0.0014,0.0633,True,True,196,0,False
188,1778847873.181,-4.5458,-1.2713,0.1805,7,点位7,918,0.8730,-4.5450,-1.2788,0.1796,7,点位7,918,0.8655,0.0076,0.0095,0.0076,True,True,198,0,False
189,1778847875.276,-4.5426,-1.2853,0.1772,7,点位7,918,0.8586,-4.5364,-1.2840,0.1710,7,点位7,918,0.8586,0.0064,0.0015,0.0064,True,True,185,0,False
190,1778847877.277,-4.5466,-1.2764,0.1812,7,点位7,918,0.8681,-4.5384,-1.3016,0.1728,7,点位7,918,0.8418,0.0265,0.0006,0.0265,True,True,194,0,False
191,1778847879.576,-4.5474,-1.2820,0.1820,7,点位7,918,0.8629,-4.5447,-1.2801,0.1793,7,点位7,918,0.8641,0.0033,0.0012,0.0033,True,True,186,0,False
192,1778847881.977,-4.5376,-1.2982,0.1720,7,点位7,918,0.8450,-4.5384,-1.3041,0.1728,7,点位7,918,0.8394,0.0060,0.0013,0.0060,True,True,196,0,False
193,1778847884.077,-4.5404,-1.2930,0.1748,7,点位7,918,0.8507,-4.5422,-1.2945,0.1767,7,点位7,918,0.8495,0.0024,0.0011,0.0024,True,True,197,0,False
194,1778847886.077,-4.5384,-1.3016,0.1728,7,点位7,918,0.8418,-4.5466,-1.2764,0.1812,7,点位7,918,0.8681,0.0265,0.0006,0.0265,True,True,190,0,False
195,1778847888.377,-4.5374,-1.2948,0.1719,7,点位7,918,0.8483,-4.5532,-1.2425,0.1881,7,点位7,918,0.9027,0.0546,0.0019,0.0546,True,True,187,0,False
196,1778847890.477,-4.5384,-1.3041,0.1728,7,点位7,918,0.8394,-4.5376,-1.2982,0.1720,7,点位7,918,0.8450,0.0060,0.0013,0.0060,True,True,192,0,False
197,1778847892.477,-4.5422,-1.2945,0.1767,7,点位7,918,0.8495,-4.5404,-1.2930,0.1748,7,点位7,918,0.8507,0.0024,0.0011,0.0024,True,True,193,0,False
198,1778847894.677,-4.5450,-1.2788,0.1796,7,点位7,918,0.8655,-4.5364,-1.2840,0.1710,7,点位7,918,0.8586,0.0101,0.0006,0.0101,True,True,185,0,False
199,1778847896.777,-4.5632,-1.2491,0.1981,7,点位7,918,0.8982,-4.5447,-1.2801,0.1793,7,点位7,918,0.8641,0.0361,0.0168,0.0361,True,True,186,0,False
200,1778847899.077,-4.5563,-0.8858,0.1945,7,点位7,918,1.2547,-4.2443,-1.2993,0.1212,7,点位7,918,0.8377,0.5180,0.0333,0.5180,True,True,165,0,False
201,1778847901.182,-4.4811,-0.2134,0.1253,7,点位7,918,1.9166,-4.2689,-0.9675,0.0937,7,点位7,918,1.1641,0.7834,0.0634,0.7834,True,True,166,0,False
202,1778847903.182,-4.3280,0.5077,0.0214,7,点位7,918,2.6351,-4.1087,-0.4354,0.2491,7,点位7,918,1.7121,0.9682,0.2278,0.9682,True,True,168,0,False
203,1778847905.277,-4.3212,1.2108,0.0219,7,点位7,918,3.3382,-4.2443,-1.2993,0.1212,7,点位7,918,0.8377,2.5113,0.0673,2.5113,False,False,165,0,False
204,1778847908.477,-4.2448,1.8486,0.0925,7,点位24,935,3.3459,-4.5563,-0.8858,0.1945,7,点位7,918,1.2547,2.7520,0.0780,2.7520,False,False,200,0,False
205,1778847910.777,-3.9916,2.4007,0.3407,7,点位24,935,2.8304,-3.5480,-5.2837,0.8467,6,点位6,917,0.9714,7.6972,0.1450,7.6972,False,False,156,0,False
206,1778847912.877,-3.6881,3.0615,0.6383,7,点位24,935,2.2735,0.1842,0.0743,0.1986,0,点位1,912,0.2056,4.8906,0.1468,4.8906,False,False,25,0,False
207,1778847914.877,-3.3440,3.8179,0.9756,7,点位24,935,1.7960,0.2192,0.3063,0.3766,0,点位1,912,0.3927,5.0027,0.1058,5.0027,False,False,54,0,False
208,1778847917.077,-3.2420,4.5712,1.0708,7,点位24,935,1.8495,-2.5685,7.4051,1.6544,8,点位8,919,2.0915,2.9128,0.1295,2.9128,False,False,215,0,False
209,1778847919.182,-3.1797,4.9158,1.1300,7,点位8,919,1.7248,-2.6822,7.2308,1.5516,8,点位8,919,1.9012,2.3679,0.1271,2.3679,False,False,214,0,False
210,1778847921.577,-2.9207,5.7186,1.3818,7,点位8,919,1.4689,5.2330,11.3572,0.0771,10,点位11,922,0.8720,9.9135,0.0576,9.9135,False,False,368,0,False
211,1778847923.677,-2.8134,6.4022,1.4712,8,点位8,919,1.4946,5.2330,11.3572,0.0771,10,点位11,922,0.8720,9.4497,0.0421,9.4497,False,False,368,0,False
212,1778847925.977,-2.8148,6.6444,1.4551,8,点位8,919,1.5403,-3.1060,7.2953,1.1246,8,点位8,919,1.5994,0.7131,0.0967,0.7131,True,True,251,0,False
213,1778847927.977,-2.8003,6.9230,1.4525,8,点位8,919,1.6507,5.2330,11.3572,0.0771,10,点位11,922,0.8720,9.1758,0.0840,9.1758,False,False,368,0,False
214,1778847930.182,-2.6822,7.2308,1.5516,8,点位8,919,1.9012,14.5159,18.4177,0.0339,16,点位16,927,0.0747,20.5163,0.0753,20.5163,False,False,500,0,False
215,1778847932.278,-2.5685,7.4051,1.6544,8,点位8,919,2.0915,14.6296,18.4384,0.0463,16,点位16,927,0.1873,20.4331,0.0750,20.4331,False,False,499,0,False
216,1778847934.477,-2.3343,7.6075,1.8758,8,点位8,919,2.3992,-1.4082,7.5965,1.9531,23,点位23,934,2.2632,0.9262,0.1951,0.9262,True,True,220,0,False
217,1778847936.778,-2.0728,7.7258,2.1296,8,点位8,919,2.6818,-1.2665,7.4098,1.7321,23,点位23,934,2.1197,0.8660,0.2134,0.8660,True,True,221,0,False
218,1778847938.878,-1.8361,7.7847,2.3622,8,点位23,934,2.7055,6.4165,13.2452,0.2080,21,点位12,923,1.0535,9.8956,0.1375,9.8956,False,False,388,0,False
219,1778847940.978,-1.5668,7.7151,2.1507,23,点位23,934,2.4303,1.8665,9.1195,0.8541,22,点位10,921,1.5573,3.7094,0.1265,3.7094,False,False,278,0,False
220,1778847942.978,-1.4082,7.5965,1.9531,23,点位23,934,2.2632,-2.3343,7.6075,1.8758,8,点位8,919,2.3992,0.9262,0.1951,0.9262,True,True,216,0,False
221,1778847944.978,-1.2665,7.4098,1.7321,23,点位23,934,2.1197,-3.6004,-7.7866,1.2481,5,点位6,917,2.1835,15.3745,0.1409,15.3745,False,False,152,0,False
222,1778847946.978,-1.1474,7.1873,1.5103,23,点位23,934,2.0205,-1.9231,-6.3613,1.9927,1,点位6,917,2.5483,13.5708,0.0944,13.5708,False,False,98,0,False
223,1778847949.182,-1.0954,6.8645,1.2895,23,点位23,934,2.0420,-2.0602,-6.0997,2.1269,1,点位6,917,2.3632,13.0000,0.0947,13.0000,False,False,99,0,False
224,1778847951.278,-1.1230,6.5979,1.1662,23,点位23,934,2.1627,-3.6130,-8.2092,1.3340,5,点位5,916,2.1354,15.0149,0.1551,15.0149,False,False,147,0,False
225,1778847953.378,-1.2000,6.3627,1.1013,23,点位23,934,2.3360,7.0436,17.5580,0.8052,13,点位14,925,1.2147,13.9030,0.2019,13.9030,False,False,620,0,False
226,1778847955.378,-1.3411,6.1591,1.1073,23,点位24,935,2.3393,0.3453,8.3044,0.9685,22,点位23,934,0.9685,2.7288,0.1130,2.7288,False,False,291,0,False
227,1778847957.378,-1.5359,6.0548,1.2128,23,点位24,935,2.2259,-1.7499,5.9591,1.3390,23,点位24,935,2.1396,0.2345,0.0545,0.2345,True,True,238,0,False
228,1778847959.578,-1.7639,5.9578,1.3500,23,点位24,935,2.1397,-1.7487,5.9610,1.3390,23,点位24,935,2.1415,0.0156,0.0067,0.0156,True,True,236,0,False
229,1778847961.578,-1.7504,5.9686,1.3446,23,点位24,935,2.1491,-1.7490,5.9628,1.3403,23,点位24,935,2.1432,0.0060,0.0022,0.0060,True,True,242,0,False
230,1778847963.678,-1.7507,5.9699,1.3456,23,点位24,935,2.1504,-1.7418,5.9573,1.3312,23,点位24,935,2.1372,0.0154,0.0018,0.0154,True,True,247,0,False
231,1778847965.678,-1.7547,5.9631,1.3452,23,点位24,935,2.1440,-1.7447,5.9574,1.3337,23,点位24,935,2.1374,0.0115,0.0010,0.0115,True,True,245,0,False
232,1778847967.978,-1.7517,5.9677,1.3452,23,点位24,935,2.1484,-1.7449,5.9669,1.3391,23,点位24,935,2.1469,0.0068,0.0014,0.0068,True,True,240,0,False
233,1778847970.078,-1.7548,5.9654,1.3465,23,点位24,935,2.1464,-1.7449,5.9669,1.3391,23,点位24,935,2.1469,0.0099,0.0017,0.0099,True,True,240,0,False
234,1778847972.183,-1.7470,5.9661,1.3404,23,点位24,935,2.1463,-1.7424,5.9640,1.3354,23,点位24,935,2.1438,0.0050,0.0105,0.0050,True,True,241,0,False
235,1778847974.578,-1.7478,5.9622,1.3389,23,点位24,935,2.1425,-1.7490,5.9628,1.3403,23,点位24,935,2.1432,0.0014,0.0020,0.0014,True,True,242,0,False
236,1778847976.678,-1.7487,5.9610,1.3390,23,点位24,935,2.1415,-1.7449,5.9669,1.3391,23,点位24,935,2.1469,0.0069,0.0016,0.0069,True,True,240,0,False
237,1778847978.678,-1.7489,5.9621,1.3398,23,点位24,935,2.1425,-1.7547,5.9631,1.3452,23,点位24,935,2.1440,0.0059,0.0017,0.0059,True,True,231,0,False
238,1778847980.878,-1.7499,5.9591,1.3390,23,点位24,935,2.1396,-1.7447,5.9574,1.3337,23,点位24,935,2.1374,0.0055,0.0014,0.0055,True,True,245,0,False
239,1778847982.978,-1.7492,5.9657,1.3420,23,点位24,935,2.1461,-1.7548,5.9654,1.3465,23,点位24,935,2.1464,0.0056,0.0026,0.0056,True,True,233,0,False
240,1778847985.078,-1.7449,5.9669,1.3391,23,点位24,935,2.1469,-1.7517,5.9677,1.3452,23,点位24,935,2.1484,0.0068,0.0014,0.0068,True,True,232,0,False
241,1778847987.183,-1.7424,5.9640,1.3354,23,点位24,935,2.1438,-1.7470,5.9661,1.3404,23,点位24,935,2.1463,0.0050,0.0105,0.0050,True,True,234,0,False
242,1778847989.278,-1.7490,5.9628,1.3403,23,点位24,935,2.1432,-1.7517,5.9677,1.3452,23,点位24,935,2.1484,0.0056,0.0014,0.0056,True,True,232,0,False
243,1778847991.378,-1.7436,5.9550,1.3314,23,点位24,935,2.1350,-1.7517,5.9677,1.3452,23,点位24,935,2.1484,0.0151,0.0044,0.0151,True,True,232,0,False
244,1778847993.479,-1.7422,5.9547,1.3301,23,点位24,935,2.1345,-1.7504,5.9686,1.3446,23,点位24,935,2.1491,0.0161,0.0049,0.0161,True,True,229,0,False
245,1778847995.679,-1.7447,5.9574,1.3337,23,点位24,935,2.1374,-1.7547,5.9631,1.3452,23,点位24,935,2.1440,0.0115,0.0010,0.0115,True,True,231,0,False
246,1778847997.680,-1.7419,5.9514,1.3281,23,点位24,935,2.1313,-1.7487,5.9610,1.3390,23,点位24,935,2.1415,0.0117,0.0055,0.0117,True,True,236,0,False
247,1778847999.679,-1.7418,5.9573,1.3312,23,点位24,935,2.1372,-1.7507,5.9699,1.3456,23,点位24,935,2.1504,0.0154,0.0018,0.0154,True,True,230,0,False
248,1778848001.979,-1.8002,5.9490,1.3755,23,点位24,935,2.1349,-1.7422,5.9547,1.3301,23,点位24,935,2.1345,0.0583,0.0193,0.0583,True,True,244,0,False
249,1778848003.979,-2.1966,6.1645,1.8251,23,点位8,919,2.1023,-1.7639,5.9578,1.3500,23,点位24,935,2.1397,0.4796,0.0658,0.4796,True,True,228,0,False
250,1778848005.979,-2.7298,6.6716,1.5382,8,点位8,919,1.6295,5.3227,11.2035,0.0897,10,点位11,922,0.8113,9.2401,0.0453,9.2401,False,False,369,0,False
251,1778848008.079,-3.1060,7.2953,1.1246,8,点位8,919,1.5994,-2.8148,6.6444,1.4551,8,点位8,919,1.5403,0.7131,0.0967,0.7131,True,True,212,0,False
252,1778848010.279,-3.3659,7.8699,0.8300,8,点位8,919,1.8872,5.3227,11.2035,0.0897,10,点位11,922,0.8113,9.3061,0.0266,9.3061,False,False,369,0,False
253,1778848012.579,-3.4861,8.4286,0.6759,8,点位8,919,2.3447,5.3227,11.2035,0.0897,10,点位11,922,0.8113,9.2355,0.0397,9.2355,False,False,369,0,False
254,1778848014.779,-3.4269,8.9754,0.7016,8,点位9,920,2.2280,-3.0003,9.9274,1.0693,8,点位9,920,1.5618,1.0432,0.0382,1.0432,False,False,260,0,False
255,1778848016.879,-3.3139,9.3625,0.7907,8,点位9,920,1.8944,-3.0003,9.9274,1.0693,8,点位9,920,1.5618,0.6462,0.0361,0.6462,True,True,260,0,False
256,1778848018.979,-3.0518,9.7754,1.0272,8,点位9,920,1.6515,-3.0003,9.9274,1.0693,8,点位9,920,1.5618,0.1605,0.0096,0.1605,True,True,260,0,False
257,1778848021.090,-2.9518,9.9252,1.1070,9,点位9,920,1.5949,-2.6356,10.2047,0.8007,9,点位9,920,1.6463,0.4221,0.0438,0.4221,True,True,263,0,True
258,1778848023.184,-2.9547,9.9481,1.0844,9,点位9,920,1.5758,-2.9296,10.0161,1.0144,9,点位9,920,1.5427,0.0725,0.0616,0.0725,True,True,262,0,False
259,1778848025.479,-2.9786,9.9192,1.0914,8,点位9,920,1.5820,-3.3139,9.3625,0.7907,8,点位9,920,1.8944,0.6499,0.0413,0.6499,True,True,255,0,True
260,1778848027.579,-3.0003,9.9274,1.0693,8,点位9,920,1.5618,-3.0518,9.7754,1.0272,8,点位9,920,1.6515,0.1605,0.0096,0.1605,True,True,256,0,False
261,1778848029.679,-3.0519,9.9998,1.0134,8,点位9,920,1.4732,-3.3139,9.3625,0.7907,8,点位9,920,1.8944,0.6891,0.0552,0.6891,True,True,255,0,True
262,1778848031.879,-2.9296,10.0161,1.0144,9,点位9,920,1.5427,-2.9518,9.9252,1.1070,9,点位9,920,1.5949,0.0936,0.0457,0.0936,True,True,257,0,False
263,1778848034.080,-2.6356,10.2047,0.8007,9,点位9,920,1.6463,-2.9518,9.9252,1.1070,9,点位9,920,1.5949,0.4221,0.0438,0.4221,True,True,257,0,False
264,1778848036.279,-2.2573,10.2958,0.6766,9,点位9,920,1.9299,-2.9518,9.9252,1.1070,9,点位9,920,1.5949,0.7873,0.0775,0.7873,True,True,257,0,False
265,1778848038.379,-1.8441,10.3318,0.6043,9,点位9,920,2.2967,-2.3343,7.6075,1.8758,8,点位8,919,2.3992,2.7681,0.1278,2.7681,False,False,216,0,False
266,1778848040.380,-1.5488,10.3572,0.5530,9,点位9,920,2.5680,-2.3343,7.6075,1.8758,8,点位8,919,2.3992,2.8597,0.1265,2.8597,False,False,216,0,False
267,1778848042.679,-1.2085,10.3555,0.5247,9,点位10,921,2.7532,0.5701,9.9618,0.7601,9,点位10,921,1.1753,1.8216,0.0972,1.8216,False,False,271,0,False
268,1778848044.780,-0.7777,10.2786,0.5633,9,点位10,921,2.3359,6.4462,13.8212,0.1780,21,点位12,923,0.5162,8.0458,0.1387,8.0458,False,False,389,0,False
269,1778848047.080,-0.0612,10.1041,0.6740,9,点位10,921,1.6790,0.9123,9.5824,1.1080,9,点位10,921,1.2248,1.1045,0.1352,1.1045,False,False,296,0,False
270,1778848049.380,0.4285,10.0843,0.6506,9,点位10,921,1.2337,0.6281,9.5064,1.2086,9,点位10,921,1.4486,0.6114,0.0631,0.6114,True,True,295,0,False
271,1778848051.480,0.5701,9.9618,0.7601,9,点位10,921,1.1753,0.9123,9.5824,1.1080,9,点位10,921,1.2248,0.5110,0.1256,0.5110,True,True,296,0,False
272,1778848053.583,0.9822,9.7283,0.9564,9,点位10,921,1.0636,0.9123,9.5824,1.1080,9,点位10,921,1.2248,0.1618,0.0737,0.1618,True,True,296,0,False
273,1778848055.680,1.0673,9.7140,0.9632,9,点位10,921,1.0352,0.9123,9.5824,1.1080,9,点位10,921,1.2248,0.2033,0.0438,0.2033,True,True,296,0,False
274,1778848057.780,1.3175,9.6235,1.0312,9,点位10,921,1.0384,1.1964,9.5750,1.0903,9,点位10,921,1.1160,0.1305,0.0158,0.1305,True,True,297,0,False
275,1778848059.980,1.5174,9.4869,1.1532,9,点位10,921,1.1532,2.0753,9.1262,0.7492,22,点位10,921,1.6091,0.6643,0.0981,0.6643,True,True,299,0,True
276,1778848062.080,1.7638,9.3222,1.0805,22,点位10,921,1.3383,2.0753,9.1262,0.7492,22,点位10,921,1.6091,0.3680,0.0917,0.3680,True,True,299,0,True
277,1778848064.185,1.8201,9.2394,0.9804,22,点位10,921,1.4303,2.0753,9.1262,0.7492,22,点位10,921,1.6091,0.2791,0.1380,0.2791,True,True,299,0,False
278,1778848066.280,1.8665,9.1195,0.8541,22,点位10,921,1.5573,2.0753,9.1262,0.7492,22,点位10,921,1.6091,0.2089,0.1583,0.2089,True,True,299,0,False
279,1778848068.280,1.9401,8.9808,0.6975,22,点位10,921,1.7091,1.5174,9.4869,1.1532,9,点位10,921,1.1532,0.6594,0.1524,0.6594,True,True,275,0,False
280,1778848070.280,1.9452,8.8188,0.5574,22,点位23,934,1.7292,1.8115,8.1914,0.0961,22,点位23,934,1.1950,0.6415,0.1975,0.6415,True,True,284,0,False
281,1778848072.680,1.9859,8.6411,0.3851,22,点位23,934,1.6236,2.1117,8.1452,0.1022,22,点位23,934,1.4250,0.5116,0.1509,0.5116,True,True,695,0,False
282,1778848074.680,1.9326,8.4761,0.2734,22,点位23,934,1.4704,2.1117,8.1452,0.1022,22,点位23,934,1.4250,0.3763,0.1102,0.3763,True,True,695,0,False
283,1778848076.880,1.8711,8.3018,0.1581,22,点位23,934,1.3097,2.1117,8.1452,0.1022,22,点位23,934,1.4250,0.2871,0.0809,0.2871,True,True,695,0,False
284,1778848078.980,1.8115,8.1914,0.0961,22,点位23,934,1.1950,2.1117,8.1452,0.1022,22,点位23,934,1.4250,0.3038,0.0282,0.3038,True,True,695,0,False
285,1778848081.080,1.7246,8.0812,0.0486,22,点位23,934,1.0603,2.1117,8.1452,0.1022,22,点位23,934,1.4250,0.3923,0.1031,0.3923,True,True,695,0,False
286,1778848083.185,1.5386,7.9791,0.0605,22,点位23,934,0.8494,2.1117,8.1452,0.1022,22,点位23,934,1.4250,0.5967,0.1398,0.5967,True,True,695,0,False
287,1778848085.380,1.2746,7.9049,0.1374,22,点位23,934,0.6000,23.3379,18.6847,1.6043,17,点位18,929,1.9267,24.5559,0.0684,24.5559,False,False,537,0,False
288,1778848087.380,1.0659,7.8154,0.1721,22,点位23,934,0.3987,8.3520,16.8343,1.3893,20,点位14,925,1.4992,11.5943,0.0684,11.5943,False,False,607,0,False
289,1778848089.580,0.8148,7.8423,0.3279,22,点位23,934,0.3652,2.6555,8.8027,0.1675,22,点位10,921,2.1546,2.0761,0.0648,2.0761,False,False,300,0,False
290,1778848091.580,0.5927,7.9878,0.5689,22,点位23,934,0.5711,2.6555,8.8027,0.1675,22,点位10,921,2.1546,2.2179,0.0507,2.2179,False,False,300,0,False
291,1778848093.981,0.3453,8.3044,0.9685,22,点位23,934,0.9685,7.0436,17.5580,0.8052,13,点位14,925,1.2147,11.4235,0.0933,11.4235,False,False,620,0,False
292,1778848095.980,0.2488,8.6330,1.2983,22,点位23,934,1.3021,-3.4269,8.9754,0.7016,8,点位9,920,2.2280,3.6917,0.0780,3.6917,False,False,254,0,False
293,1778848098.081,0.2592,8.9690,1.5778,22,点位23,934,1.6036,-3.4269,8.9754,0.7016,8,点位9,920,2.2280,3.6862,0.0600,3.6862,False,False,254,0,False
294,1778848100.581,0.4146,9.3283,1.4049,9,点位10,921,1.7218,0.3538,-4.3408,0.3057,1,点位2,913,4.3091,13.6692,0.0764,13.6692,False,False,85,0,False
295,1778848102.681,0.6281,9.5064,1.2086,9,点位10,921,1.4486,-3.5388,-5.9192,0.8749,5,点位6,917,0.8749,15.9785,0.1048,15.9785,False,False,155,0,False
296,1778848104.681,0.9123,9.5824,1.1080,9,点位10,921,1.2248,1.0673,9.7140,0.9632,9,点位10,921,1.0352,0.2033,0.0438,0.2033,True,True,273,0,True
297,1778848106.781,1.1964,9.5750,1.0903,9,点位10,921,1.1160,1.3175,9.6235,1.0312,9,点位10,921,1.0384,0.1305,0.0158,0.1305,True,True,274,0,False
298,1778848108.981,1.5733,9.3943,1.2425,22,点位10,921,1.2465,1.3175,9.6235,1.0312,9,点位10,921,1.0384,0.3435,0.0777,0.3435,True,True,274,0,False
299,1778848110.981,2.0753,9.1262,0.7492,22,点位10,921,1.6091,1.3175,9.6235,1.0312,9,点位10,921,1.0384,0.9064,0.0854,0.9064,True,True,274,0,False
300,1778848113.081,2.6555,8.8027,0.1675,22,点位10,921,2.1546,0.5927,7.9878,0.5689,22,点位23,934,0.5711,2.2179,0.0507,2.2179,False,False,290,0,False
301,1778848115.681,3.3036,8.4612,0.4655,22,点位23,934,2.6410,22.6324,14.9433,0.0153,19,点位19,930,0.0360,20.3868,0.0828,20.3868,False,False,551,0,False
302,1778848117.881,3.7922,8.0686,1.0572,22,点位23,934,2.9987,5.2882,18.4216,0.0734,13,点位13,924,0.3229,10.4606,0.0242,10.4606,False,False,430,0,False
303,1778848119.981,4.3227,7.6960,1.6543,22,点位22,933,3.3712,22.6652,14.7557,0.1635,18,点位19,930,0.1635,19.6542,0.0152,19.6542,False,False,552,0,False
304,1778848122.381,4.9940,7.3771,2.2803,22,点位22,933,3.4111,5.5177,7.2708,2.6479,22,点位22,933,3.4102,0.5344,0.0441,0.5344,True,True,308,0,False
305,1778848124.381,5.4171,7.2505,2.6118,22,点位22,933,3.4441,5.5259,7.2709,2.6521,22,点位22,933,3.4091,0.1107,0.0365,0.1107,True,True,315,0,False
306,1778848126.481,5.5260,7.2729,2.6504,22,点位22,933,3.4071,5.5210,7.2693,2.6509,22,点位22,933,3.4113,0.0062,0.0008,0.0062,True,True,310,0,False
307,1778848128.581,5.5210,7.2695,2.6507,22,点位22,933,3.4111,5.5227,7.2727,2.6489,22,点位22,933,3.4077,0.0037,0.0056,0.0037,True,True,312,0,False
308,1778848130.981,5.5177,7.2708,2.6479,22,点位22,933,3.4102,5.5227,7.2727,2.6489,22,点位22,933,3.4077,0.0053,0.0005,0.0053,True,True,312,0,False
309,1778848132.981,5.5203,7.2705,2.6495,22,点位22,933,3.4102,5.5292,7.2736,2.6516,22,点位22,933,3.4060,0.0095,0.0009,0.0095,True,True,316,0,False
310,1778848135.081,5.5210,7.2693,2.6509,22,点位22,933,3.4113,5.5260,7.2729,2.6504,22,点位22,933,3.4071,0.0062,0.0008,0.0062,True,True,306,0,False
311,1778848137.186,5.5213,7.2700,2.6504,22,点位22,933,3.4105,5.5260,7.2729,2.6504,22,点位22,933,3.4071,0.0055,0.0099,0.0055,True,True,306,0,False
312,1778848139.281,5.5227,7.2727,2.6489,22,点位22,933,3.4077,5.5177,7.2708,2.6479,22,点位22,933,3.4102,0.0053,0.0005,0.0053,True,True,308,0,False
313,1778848141.281,5.5224,7.2722,2.6492,22,点位22,933,3.4082,5.5203,7.2705,2.6495,22,点位22,933,3.4102,0.0027,0.0010,0.0027,True,True,309,0,False
314,1778848143.381,5.5285,7.2761,2.6490,22,点位22,933,3.4036,5.5203,7.2705,2.6495,22,点位22,933,3.4102,0.0099,0.0011,0.0099,True,True,309,0,False
315,1778848145.481,5.5259,7.2709,2.6521,22,点位22,933,3.4091,5.5210,7.2693,2.6509,22,点位22,933,3.4113,0.0052,0.0010,0.0052,True,True,310,0,False
316,1778848147.481,5.5292,7.2736,2.6516,22,点位22,933,3.4060,5.5203,7.2705,2.6495,22,点位22,933,3.4102,0.0095,0.0009,0.0095,True,True,309,0,False
317,1778848149.881,5.7478,7.1873,2.8406,22,点位22,933,3.4729,5.5210,7.2693,2.6509,22,点位22,933,3.4113,0.2412,0.0343,0.2412,True,True,310,0,False
318,1778848151.981,6.2512,6.9474,3.3106,22,点位22,933,3.7208,6.4006,6.6698,3.6253,22,点位22,933,4.0119,0.3153,0.0995,0.3153,True,True,322,0,False
319,1778848154.081,6.4090,6.8828,3.4491,22,点位22,933,3.8015,5.5210,7.2693,2.6509,22,点位22,933,3.4113,0.9685,0.1612,0.9685,True,True,310,0,False
320,1778848156.082,6.4326,6.7776,3.5508,22,点位22,933,3.9088,6.1300,10.1033,0.5696,22,点位22,933,0.5841,3.3395,0.1032,3.3395,False,False,672,0,False
321,1778848158.186,6.4316,6.7603,3.5649,22,点位22,933,3.9258,5.7478,7.1873,2.8406,22,点位22,933,3.4729,0.8062,0.1319,0.8062,True,True,317,0,False
322,1778848160.682,6.4006,6.6698,3.6253,22,点位22,933,4.0119,6.1300,10.1033,0.5696,22,点位22,933,0.5841,3.4441,0.0959,3.4441,False,False,672,0,False
323,1778848162.782,6.3253,6.5206,3.7120,22,点位22,933,4.1525,6.2596,6.1299,4.0086,22,点位22,933,4.5365,0.3963,0.0709,0.3963,True,True,327,0,False
324,1778848164.982,6.3341,6.4040,3.8155,22,点位22,933,4.2694,-3.9283,-1.6932,0.4408,7,点位7,918,0.6213,13.0721,0.0543,13.0721,False,False,181,0,False
325,1778848167.282,6.3063,6.2956,3.8927,22,点位22,933,4.3749,-3.9283,-1.6932,0.4408,7,点位7,918,0.6213,12.9833,0.0401,12.9833,False,False,181,0,False
326,1778848169.382,6.2829,6.2025,3.9593,22,点位22,933,4.4658,-3.9283,-1.6932,0.4408,7,点位7,918,0.6213,12.9077,0.0408,12.9077,False,False,181,0,False
327,1778848171.582,6.2596,6.1299,4.0086,22,点位22,933,4.5365,6.3253,6.5206,3.7120,22,点位22,933,4.1525,0.3963,0.0709,0.3963,True,True,323,0,False
328,1778848173.583,6.1486,6.0317,4.0330,22,点位22,933,4.6281,0.3585,-0.9004,0.3470,1,点位1,912,0.9489,9.0322,0.0570,9.0322,False,False,41,0,False
329,1778848175.982,6.0347,5.8579,4.1202,22,点位22,933,4.7981,6.2500,6.6502,3.5621,22,点位22,933,4.0169,0.8211,0.3373,0.8211,True,True,337,7,False
330,1778848178.082,5.8712,5.8870,4.0089,22,点位22,933,4.7685,6.1879,6.1942,3.9160,22,点位22,933,4.4678,0.4413,0.2578,0.4413,True,True,334,1,False
331,1778848180.187,5.8096,5.8966,3.9681,22,点位22,933,4.7601,6.2950,6.2851,3.8956,22,点位22,933,4.3844,0.6217,0.2753,0.6217,True,True,335,6,False
332,1778848182.382,5.9747,5.9931,3.9736,22,点位22,933,4.6620,12.9634,14.7587,1.0388,20,点位16,927,3.9144,11.2106,0.1108,11.2106,False,False,575,0,False
333,1778848184.582,6.0621,6.0664,3.9578,22,点位22,933,4.5903,6.2500,6.6502,3.5621,22,点位22,933,4.0169,0.6133,0.2292,0.6133,True,True,337,7,False
334,1778848186.582,6.1879,6.1942,3.9160,22,点位22,933,4.4678,5.8712,5.8870,4.0089,22,点位22,933,4.7685,0.4413,0.2438,0.4413,True,True,330,87,False
335,1778848188.682,6.2950,6.2851,3.8956,22,点位22,933,4.3844,5.8096,5.8966,3.9681,22,点位22,933,4.7601,0.6217,0.2976,0.6217,True,True,331,84,False
336,1778848190.882,6.3546,6.4554,3.7828,22,点位22,933,4.2203,0.9528,0.3443,1.0131,0,点位1,912,1.0185,8.1563,0.1557,8.1563,False,False,58,0,False
337,1778848192.882,6.2500,6.6502,3.5621,22,点位22,933,4.0169,6.0621,6.0664,3.9578,22,点位22,933,4.5903,0.6133,0.2759,0.6133,True,True,333,0,False
338,1778848194.982,6.1481,7.0479,3.1709,22,点位22,933,3.6132,-0.2289,1.3623,1.3814,0,点位1,912,1.4025,8.5435,0.1171,8.5435,False,False,706,0,False
339,1778848196.982,6.0853,7.4612,2.7870,22,点位22,933,3.1972,22.6784,14.4591,0.4603,18,点位19,930,0.4603,18.0083,0.1248,18.0083,False,False,554,0,False
340,1778848199.187,6.0749,8.1021,2.2379,22,点位22,933,2.5566,6.3303,9.7642,0.9634,22,点位22,933,0.9734,1.6816,0.1446,1.6816,False,False,675,0,False
341,1778848201.282,6.0327,8.7295,1.6834,22,点位22,933,1.9278,6.3303,9.7642,0.9634,22,点位22,933,0.9734,1.0766,0.0752,1.0766,False,False,675,0,False
342,1778848203.482,5.8839,9.3594,1.0703,22,点位22,933,1.2967,6.3303,9.7642,0.9634,22,点位22,933,0.9734,0.6026,0.1390,0.6026,True,True,675,0,True
343,1778848205.583,5.7943,9.7942,0.6540,22,点位22,933,0.8727,5.6876,10.5484,0.0422,22,点位22,933,0.2721,0.7616,0.0408,0.7616,True,True,351,0,False
344,1778848207.782,5.7377,10.2846,0.2081,22,点位22,933,0.4211,5.6887,10.5470,0.0405,22,点位22,933,0.2717,0.2670,0.0302,0.2670,True,True,357,0,False
345,1778848209.983,5.6850,10.5473,0.0427,22,点位22,933,0.2750,5.6852,10.5406,0.0369,22,点位22,933,0.2775,0.0067,0.0038,0.0067,True,True,354,0,False
346,1778848212.083,5.6741,10.5492,0.0500,22,点位22,933,0.2843,5.6857,10.5504,0.0449,22,点位22,933,0.2731,0.0117,0.0004,0.0117,True,True,350,0,False
347,1778848214.283,5.6825,10.5451,0.0421,22,点位22,933,0.2782,5.6895,10.5440,0.0374,22,点位22,933,0.2721,0.0072,0.0068,0.0072,True,True,355,0,False
348,1778848216.683,5.6864,10.5369,0.0331,22,点位22,933,0.2780,5.6920,10.5352,0.0287,22,点位22,933,0.2736,0.0059,0.0004,0.0059,True,True,353,0,False
349,1778848218.683,5.6823,10.5393,0.0373,22,点位22,933,0.2806,5.6926,10.5438,0.0356,22,点位22,933,0.2694,0.0112,0.0000,0.0112,True,True,356,0,False
350,1778848220.783,5.6857,10.5504,0.0449,22,点位22,933,0.2731,5.6887,10.5470,0.0405,22,点位22,933,0.2717,0.0045,0.0001,0.0045,True,True,357,0,False
351,1778848222.783,5.6876,10.5484,0.0422,22,点位22,933,0.2721,5.6926,10.5438,0.0356,22,点位22,933,0.2694,0.0068,0.0000,0.0068,True,True,356,0,False
352,1778848225.187,5.6848,10.5429,0.0390,22,点位22,933,0.2769,5.6825,10.5451,0.0421,22,点位22,933,0.2782,0.0032,0.0132,0.0032,True,True,347,0,False
353,1778848227.383,5.6920,10.5352,0.0287,22,点位22,933,0.2736,5.6864,10.5369,0.0331,22,点位22,933,0.2780,0.0059,0.0004,0.0059,True,True,348,0,False
354,1778848229.483,5.6852,10.5406,0.0369,22,点位22,933,0.2775,5.6864,10.5369,0.0331,22,点位22,933,0.2780,0.0040,0.0005,0.0040,True,True,348,0,False
355,1778848231.483,5.6895,10.5440,0.0374,22,点位22,933,0.2721,5.6864,10.5369,0.0331,22,点位22,933,0.2780,0.0078,0.0005,0.0078,True,True,348,0,False
356,1778848233.683,5.6926,10.5438,0.0356,22,点位22,933,0.2694,5.6876,10.5484,0.0422,22,点位22,933,0.2721,0.0068,0.0000,0.0068,True,True,351,0,False
357,1778848235.783,5.6887,10.5470,0.0405,22,点位22,933,0.2717,5.6857,10.5504,0.0449,22,点位22,933,0.2731,0.0045,0.0001,0.0045,True,True,350,0,False
358,1778848237.783,5.7896,10.7135,0.1283,22,点位22,933,0.1595,6.0541,11.0556,0.0740,21,点位11,922,0.3765,0.4324,0.1034,0.4324,True,True,373,0,False
359,1778848239.883,6.0184,11.2400,0.0195,21,点位11,922,0.2067,6.0541,11.0556,0.0740,21,点位11,922,0.3765,0.1878,0.1196,0.1878,True,True,373,0,False
360,1778848241.883,6.2073,11.7608,0.0933,11,点位11,922,0.3481,6.0541,11.0556,0.0740,21,点位11,922,0.3765,0.7217,0.0991,0.7217,True,True,373,0,False
361,1778848244.383,6.2358,11.8945,0.1171,11,点位11,922,0.4843,6.1472,12.0709,0.0222,11,点位11,922,0.6435,0.1974,0.0302,0.1974,True,True,385,0,False
362,1778848246.383,6.2724,11.9936,0.1501,11,点位11,922,0.5897,6.0847,11.2408,0.0853,21,点位11,922,0.1890,0.7758,0.1270,0.7758,True,True,376,0,False
363,1778848248.483,6.1244,12.0031,0.0018,11,点位11,922,0.5745,6.2692,12.4263,0.1314,11,点位11,922,1.0112,0.4473,0.4075,0.4473,True,False,386,0,False
364,1778848250.583,5.9527,12.0021,0.1248,21,点位11,922,0.5923,6.1114,12.0954,0.0145,11,点位11,922,0.6664,0.1841,0.3558,0.1841,True,False,667,0,False
365,1778848252.683,5.6939,11.9909,0.3810,21,点位11,922,0.6945,6.2692,12.4263,0.1314,11,点位11,922,1.0112,0.7215,0.2264,0.7215,True,True,386,88,False
366,1778848254.683,5.3769,11.8541,0.5422,10,点位11,922,0.8405,6.1114,12.0954,0.0145,11,点位11,922,0.6664,0.7731,0.2798,0.7731,True,True,667,79,False
367,1778848256.783,5.2680,11.5884,0.2989,10,点位11,922,0.8491,-2.9207,5.7186,1.3818,7,点位8,919,1.4689,10.0752,0.1019,10.0752,False,False,210,0,False
368,1778848258.783,5.2330,11.3572,0.0771,10,点位11,922,0.8720,-2.8148,6.6444,1.4551,8,点位8,919,1.5403,9.3262,0.0488,9.3262,False,False,212,0,False
369,1778848261.084,5.3227,11.2035,0.0897,10,点位11,922,0.8113,6.1301,10.8606,0.1698,21,点位22,933,0.2814,0.8772,0.0939,0.8772,True,True,669,0,False
370,1778848263.483,5.4611,11.0760,0.2389,10,点位22,933,0.6362,5.3849,15.5674,0.4292,12,点位21,932,1.0716,4.4920,0.0184,4.4920,False,False,395,0,False
371,1778848265.584,5.6427,10.8416,0.3130,21,点位22,933,0.3493,6.1495,10.1633,0.5291,22,点位22,933,0.5353,0.8467,0.2664,0.8467,True,True,671,0,False
372,1778848267.684,5.8675,10.8936,0.0948,21,点位22,933,0.2488,6.0184,11.2400,0.0195,21,点位11,922,0.2067,0.3778,0.1472,0.3778,True,True,359,0,False
373,1778848269.784,6.0541,11.0556,0.0740,21,点位11,922,0.3765,6.1246,11.5330,0.0189,11,点位11,922,0.1065,0.4826,0.0914,0.4826,True,True,384,0,False
374,1778848271.984,6.1015,11.2326,0.1029,21,点位11,922,0.1964,6.0805,11.2526,0.0800,21,点位11,922,0.1777,0.0289,0.0335,0.0289,True,True,380,0,False
375,1778848273.984,6.0979,11.2351,0.0990,21,点位11,922,0.1939,6.0805,11.2526,0.0800,21,点位11,922,0.1777,0.0246,0.0019,0.0246,True,True,380,0,False
376,1778848276.084,6.0847,11.2408,0.0853,21,点位11,922,0.1890,6.0714,11.2537,0.0708,21,点位11,922,0.1780,0.0185,0.0006,0.0185,True,True,381,0,False
377,1778848278.188,6.0711,11.2450,0.0714,21,点位11,922,0.1866,6.0844,11.2458,0.0845,21,点位11,922,0.1841,0.0133,0.0219,0.0133,True,True,383,0,False
378,1778848280.188,6.0928,11.2498,0.0925,21,点位11,922,0.1795,6.0844,11.2458,0.0845,21,点位11,922,0.1841,0.0094,0.0239,0.0094,True,True,383,0,False
379,1778848282.584,6.0713,11.2450,0.0715,21,点位11,922,0.1865,6.0844,11.2458,0.0845,21,点位11,922,0.1841,0.0131,0.0006,0.0131,True,True,383,0,False
380,1778848284.884,6.0805,11.2526,0.0800,21,点位11,922,0.1777,6.0979,11.2351,0.0990,21,点位11,922,0.1939,0.0246,0.0019,0.0246,True,True,375,0,False
381,1778848287.084,6.0714,11.2537,0.0708,21,点位11,922,0.1780,6.0847,11.2408,0.0853,21,点位11,922,0.1890,0.0185,0.0006,0.0185,True,True,376,0,False
382,1778848289.284,6.0881,11.2499,0.0878,21,点位11,922,0.1796,6.0847,11.2408,0.0853,21,点位11,922,0.1890,0.0097,0.0006,0.0097,True,True,376,0,False
383,1778848291.384,6.0844,11.2458,0.0845,21,点位11,922,0.1841,6.0713,11.2450,0.0715,21,点位11,922,0.1865,0.0131,0.0006,0.0131,True,True,379,0,False
384,1778848293.484,6.1246,11.5330,0.0189,11,点位11,922,0.1065,6.2358,11.8945,0.1171,11,点位11,922,0.4843,0.3782,0.0533,0.3782,True,True,361,0,False
385,1778848295.484,6.1472,12.0709,0.0222,11,点位11,922,0.6435,6.2358,11.8945,0.1171,11,点位11,922,0.4843,0.1974,0.0302,0.1974,True,True,361,0,False
386,1778848297.484,6.2692,12.4263,0.1314,11,点位11,922,1.0112,6.2358,11.8945,0.1171,11,点位11,922,0.4843,0.5328,0.1002,0.5328,True,True,361,0,False
387,1778848299.684,6.3052,12.8529,0.1379,21,点位12,923,1.4277,11.1317,14.3311,1.3226,20,点位15,926,4.3138,5.0478,0.1815,5.0478,False,False,594,4,False
388,1778848301.884,6.4165,13.2452,0.2080,21,点位12,923,1.0535,6.0200,15.4963,0.1614,12,点位21,932,0.4500,2.2858,0.0779,2.2858,False,False,407,0,False
389,1778848303.984,6.4462,13.8212,0.1780,21,点位12,923,0.5162,6.0200,15.4963,0.1614,12,点位21,932,0.4500,1.7285,0.0767,1.7285,False,False,407,0,False
390,1778848305.984,6.3342,14.3170,0.0153,21,点位12,923,0.1363,5.8770,16.1001,0.1913,12,点位21,932,0.9752,1.8407,0.0388,1.8407,False,False,423,0,False
391,1778848308.285,6.1283,14.8075,0.0744,12,点位12,923,0.5359,6.0330,15.7242,0.2370,12,点位21,932,0.5816,0.9216,0.0299,0.9216,True,True,408,0,False
392,1778848310.284,5.9570,15.2921,0.0442,12,点位21,932,0.4630,5.9662,15.7673,0.1848,12,点位21,932,0.6586,0.4753,0.0277,0.4753,True,True,411,0,False
393,1778848312.384,5.7309,15.4085,0.1408,12,点位21,932,0.6992,-0.8312,-5.2781,0.8892,1,点位2,913,3.4888,21.7024,0.1456,21.7024,False,False,123,0,False
394,1778848314.485,5.5313,15.5329,0.2981,12,点位21,932,0.9213,5.4611,11.0760,0.2389,10,点位22,933,0.6362,4.4574,0.0533,4.4574,False,False,370,0,False
395,1778848316.684,5.3849,15.5674,0.4292,12,点位21,932,1.0716,4.9597,15.5899,0.8314,12,点位21,932,1.4907,0.4257,0.1146,0.4257,True,True,399,0,False
396,1778848318.785,5.2724,15.5779,0.5343,12,点位21,932,1.1831,22.6652,14.7557,0.1635,18,点位19,930,0.1635,17.4122,0.0326,17.4122,False,False,552,0,False
397,1778848320.885,5.1999,15.5440,0.6134,12,点位21,932,1.2463,5.2882,18.4216,0.0734,13,点位13,924,0.3229,2.8790,0.0336,2.8790,False,False,430,0,False
398,1778848323.189,5.1164,15.5698,0.6865,12,点位21,932,1.3333,5.3129,18.4449,0.0484,13,点位13,924,0.3408,2.8818,0.0479,2.8818,False,False,431,0,False
399,1778848325.285,4.9597,15.5899,0.8314,12,点位21,932,1.4907,6.2740,17.8750,0.5458,13,点位13,924,1.4449,2.6361,0.0391,2.6361,False,False,622,0,False
400,1778848327.285,4.9027,15.5389,0.9004,12,点位21,932,1.5376,5.9528,17.6424,0.6919,12,点位13,924,1.3089,2.3510,0.0987,2.3510,False,False,623,0,False
401,1778848329.285,4.9324,15.4455,0.8977,12,点位21,932,1.4957,5.7309,15.4085,0.1408,12,点位21,932,0.6992,0.7993,0.2586,0.7993,True,True,393,0,False
402,1778848331.385,5.0843,15.2822,0.7971,12,点位21,932,1.3358,5.8901,16.1608,0.2207,12,点位21,932,1.0194,1.1921,0.0721,1.1921,False,False,614,0,False
403,1778848333.485,5.3435,15.2347,0.5612,12,点位21,932,1.0779,5.9958,16.0871,0.3018,12,点位21,932,0.9030,1.0733,0.1134,1.0733,False,False,615,1,False
404,1778848335.685,5.3826,15.2411,0.5218,12,点位21,932,1.0385,5.7545,17.5665,0.4803,12,点位13,924,1.2268,2.3550,0.1983,2.3550,False,False,441,0,False
405,1778848337.985,5.6809,15.2254,0.2396,12,点位21,932,0.7420,6.6944,17.8528,0.5370,13,点位14,925,1.3876,2.8160,0.1382,2.8160,False,False,477,0,False
406,1778848340.085,5.9098,15.3171,0.0057,12,点位21,932,0.5110,6.7005,17.8544,0.5350,13,点位14,925,1.3813,2.6576,0.1614,2.6576,False,False,470,0,False
407,1778848342.085,6.0200,15.4963,0.1614,12,点位21,932,0.4500,22.0604,18.8393,0.9231,17,点位17,928,1.4584,16.3850,0.0597,16.3850,False,False,544,0,False
408,1778848344.189,6.0330,15.7242,0.2370,12,点位21,932,0.5816,6.1283,14.8075,0.0744,12,点位12,923,0.5359,0.9216,0.0299,0.9216,True,True,391,0,False
409,1778848346.190,5.9710,15.7635,0.1883,12,点位21,932,0.6525,5.9788,15.7647,0.1962,12,点位21,932,0.6481,0.0079,0.0275,0.0079,True,True,419,0,False
410,1778848348.285,5.9702,15.7609,0.1869,12,点位21,932,0.6512,5.9860,15.7601,0.2018,12,点位21,932,0.6398,0.0158,0.0003,0.0158,True,True,421,0,False
411,1778848350.285,5.9662,15.7673,0.1848,12,点位21,932,0.6586,5.9758,15.7645,0.1932,12,点位21,932,0.6499,0.0100,0.0000,0.0100,True,True,416,0,False
412,1778848352.385,5.9749,15.7650,0.1925,12,点位21,932,0.6509,5.9758,15.7645,0.1932,12,点位21,932,0.6499,0.0010,0.0000,0.0010,True,True,416,0,False
413,1778848354.385,5.9664,15.7758,0.1874,12,点位21,932,0.6646,5.9786,15.7617,0.1951,12,点位21,932,0.6460,0.0186,0.0001,0.0186,True,True,418,0,False
414,1778848356.585,5.9702,15.7662,0.1883,12,点位21,932,0.6551,5.9788,15.7647,0.1962,12,点位21,932,0.6481,0.0087,0.0000,0.0087,True,True,419,0,False
415,1778848358.685,5.9722,15.7639,0.1896,12,点位21,932,0.6520,5.9788,15.7647,0.1962,12,点位21,932,0.6481,0.0066,0.0000,0.0066,True,True,419,0,False
416,1778848360.786,5.9758,15.7645,0.1932,12,点位21,932,0.6499,5.9662,15.7673,0.1848,12,点位21,932,0.6586,0.0100,0.0000,0.0100,True,True,411,0,False
417,1778848362.785,5.9791,15.7632,0.1961,12,点位21,932,0.6468,5.9664,15.7758,0.1874,12,点位21,932,0.6646,0.0178,0.0003,0.0178,True,True,413,0,False
418,1778848364.885,5.9786,15.7617,0.1951,12,点位21,932,0.6460,5.9664,15.7758,0.1874,12,点位21,932,0.6646,0.0186,0.0001,0.0186,True,True,413,0,False
419,1778848367.085,5.9788,15.7647,0.1962,12,点位21,932,0.6481,5.9702,15.7662,0.1883,12,点位21,932,0.6551,0.0087,0.0000,0.0087,True,True,414,0,False
420,1778848369.286,5.9757,15.7674,0.1939,12,点位21,932,0.6522,5.9662,15.7673,0.1848,12,点位21,932,0.6586,0.0095,0.0001,0.0095,True,True,411,0,False
421,1778848371.385,5.9860,15.7601,0.2018,12,点位21,932,0.6398,5.9702,15.7609,0.1869,12,点位21,932,0.6512,0.0158,0.0003,0.0158,True,True,410,0,False
422,1778848373.386,5.9795,15.7672,0.1975,12,点位21,932,0.6495,5.9702,15.7662,0.1883,12,点位21,932,0.6551,0.0093,0.0001,0.0093,True,True,414,0,False
423,1778848375.486,5.8770,16.1001,0.1913,12,点位21,932,0.9752,5.9662,15.7673,0.1848,12,点位21,932,0.6586,0.3445,0.0542,0.3445,True,True,411,0,False
424,1778848377.486,5.7584,16.9370,0.3095,12,点位13,924,1.7623,6.0754,16.3050,0.4388,12,点位21,932,1.0720,0.7070,0.2925,0.7070,True,True,661,0,False
425,1778848379.586,5.5880,17.5700,0.3213,12,点位13,924,1.1262,22.4827,16.2751,0.5265,18,点位18,929,0.8381,16.9442,0.0478,16.9442,False,False,549,0,False
426,1778848381.686,5.4552,17.8773,0.2789,12,点位13,924,0.7977,5.7331,17.3403,0.3970,12,点位13,924,1.3979,0.6046,0.1810,0.6046,True,True,624,0,False
427,1778848383.886,5.4046,18.0679,0.2832,12,点位13,924,0.6188,5.7367,17.3415,0.4008,12,点位13,924,1.3988,0.7986,0.1690,0.7986,True,True,650,0,False
428,1778848385.986,5.3775,18.1460,0.2787,12,点位13,924,0.5444,5.7367,17.3415,0.4008,12,点位13,924,1.3988,0.8810,0.1367,0.8810,True,True,650,0,False
429,1778848388.190,5.3183,18.3461,0.1465,13,点位13,924,0.3795,22.6652,14.7557,0.1635,18,点位19,930,0.1635,17.7145,0.0353,17.7145,False,False,552,0,False
430,1778848390.286,5.2882,18.4216,0.0734,13,点位13,924,0.3229,22.6652,14.7557,0.1635,18,点位19,930,0.1635,17.7595,0.0214,17.7595,False,False,552,0,False
431,1778848392.486,5.3129,18.4449,0.0484,13,点位13,924,0.3408,6.2740,17.8750,0.5458,13,点位13,924,1.4449,1.1173,0.0168,1.1173,False,False,622,0,False
432,1778848394.586,5.2324,18.5048,0.0055,13,点位13,924,0.2527,6.2740,17.8750,0.5458,13,点位13,924,1.4449,1.2172,0.0225,1.2172,False,False,622,0,False
433,1778848396.686,5.1056,18.4757,0.0330,13,点位13,924,0.1325,23.1227,18.6058,1.4079,17,点位18,929,1.8402,18.0176,0.0664,18.0176,False,False,535,0,False
434,1778848398.786,4.9551,18.3000,0.0844,12,点位13,924,0.2194,23.1227,18.6058,1.4079,17,点位18,929,1.8402,18.1702,0.0671,18.1702,False,False,535,0,False
435,1778848400.886,4.8851,18.0616,0.2178,12,点位13,924,0.4662,23.3379,18.6847,1.6043,17,点位18,929,1.9267,18.4633,0.0643,18.4633,False,False,537,0,False
436,1778848402.886,5.0455,17.8154,0.1319,12,点位13,924,0.7057,5.7455,17.5660,0.4715,12,点位13,924,1.2216,0.7431,0.2242,0.7431,True,True,444,0,False
437,1778848404.986,5.2644,17.6191,0.0240,12,点位13,924,0.9428,5.7545,17.5665,0.4803,12,点位13,924,1.2268,0.4930,0.2552,0.4930,True,True,441,0,False
438,1778848407.086,5.5798,17.5695,0.3133,12,点位13,924,1.1222,5.7439,17.5649,0.4696,12,点位13,924,1.2215,0.1641,0.1198,0.1641,True,True,453,88,False
439,1778848409.191,5.7537,17.5806,0.4834,12,点位13,924,1.2154,5.7467,17.5747,0.4750,12,点位13,924,1.2155,0.0092,0.0403,0.0092,True,True,448,0,False
440,1778848411.286,5.7431,17.5833,0.4740,12,点位13,924,1.2066,5.7455,17.5660,0.4715,12,点位13,924,1.2216,0.0175,0.0259,0.0175,True,True,444,0,False
441,1778848413.386,5.7545,17.5665,0.4803,12,点位13,924,1.2268,5.7335,17.5624,0.4590,12,点位13,924,1.2169,0.0214,0.0094,0.0214,True,True,463,0,False
442,1778848415.386,5.7283,17.5679,0.4554,12,点位13,924,1.2094,5.7335,17.5624,0.4590,12,点位13,924,1.2169,0.0075,0.0001,0.0075,True,True,463,0,False
443,1778848418.286,5.7391,17.5588,0.4633,12,点位13,924,1.2232,5.7439,17.5649,0.4696,12,点位13,924,1.2215,0.0077,0.0000,0.0077,True,True,453,0,False
444,1778848420.586,5.7455,17.5660,0.4715,12,点位13,924,1.2216,5.7484,17.5773,0.4775,12,点位13,924,1.2147,0.0117,0.0025,0.0117,True,True,458,0,False
445,1778848424.487,5.7485,17.5773,0.4775,12,点位13,924,1.2147,5.7332,17.5736,0.4618,12,点位13,924,1.2080,0.0157,0.0000,0.0157,True,True,465,0,False
446,1778848427.193,5.7475,17.5681,0.4740,12,点位13,924,1.2212,5.7444,17.5711,0.4719,12,点位13,924,1.2170,0.0042,0.0048,0.0042,True,True,457,0,False
447,1778848430.787,5.7359,17.5749,0.4647,12,点位13,924,1.2086,5.7332,17.5736,0.4618,12,点位13,924,1.2080,0.0030,0.0000,0.0030,True,True,465,0,False
448,1778848433.191,5.7467,17.5747,0.4750,12,点位13,924,1.2155,5.7444,17.5711,0.4719,12,点位13,924,1.2170,0.0043,0.0044,0.0043,True,True,457,0,False
449,1778848436.087,5.7450,17.5687,0.4718,12,点位13,924,1.2192,5.7451,17.5733,0.4731,12,点位13,924,1.2157,0.0045,0.0000,0.0045,True,True,454,0,False
450,1778848439.287,5.7411,17.5656,0.4672,12,点位13,924,1.2192,5.7346,17.5752,0.4635,12,点位13,924,1.2076,0.0116,0.0000,0.0116,True,True,466,0,False
451,1778848442.687,5.7400,17.5689,0.4670,12,点位13,924,1.2159,5.7436,17.5702,0.4709,12,点位13,924,1.2172,0.0039,0.0000,0.0039,True,True,462,0,False
452,1778848445.087,5.7412,17.5711,0.4688,12,点位13,924,1.2149,5.7334,17.5646,0.4595,12,点位13,924,1.2152,0.0102,0.0000,0.0102,True,True,461,0,False
453,1778848448.787,5.7439,17.5649,0.4696,12,点位13,924,1.2215,5.7429,17.5701,0.4702,12,点位13,924,1.2168,0.0053,0.0000,0.0053,True,True,460,0,False
454,1778848450.887,5.7451,17.5733,0.4731,12,点位13,924,1.2157,5.7484,17.5773,0.4775,12,点位13,924,1.2147,0.0052,0.0000,0.0052,True,True,458,0,False
455,1778848451.487,5.7362,17.5693,0.4635,12,点位13,924,1.2132,5.7335,17.5624,0.4590,12,点位13,924,1.2169,0.0074,0.0000,0.0074,True,True,463,0,False
456,1778848453.688,5.7312,17.5681,0.4584,12,点位13,924,1.2110,5.7412,17.5711,0.4688,12,点位13,924,1.2149,0.0104,0.0000,0.0104,True,True,452,0,False
457,1778848457.192,5.7444,17.5711,0.4719,12,点位13,924,1.2170,5.7467,17.5747,0.4750,12,点位13,924,1.2155,0.0043,0.0044,0.0043,True,True,448,0,False
458,1778848461.287,5.7484,17.5773,0.4775,12,点位13,924,1.2147,5.7451,17.5733,0.4731,12,点位13,924,1.2157,0.0052,0.0000,0.0052,True,True,454,0,False
459,1778848463.087,5.7365,17.5791,0.4664,12,点位13,924,1.2058,5.7362,17.5693,0.4635,12,点位13,924,1.2132,0.0098,0.0000,0.0098,True,True,455,0,False
460,1778848465.987,5.7429,17.5701,0.4702,12,点位13,924,1.2168,5.7439,17.5649,0.4696,12,点位13,924,1.2215,0.0053,0.0000,0.0053,True,True,453,0,False
461,1778848468.688,5.7334,17.5646,0.4595,12,点位13,924,1.2152,5.7412,17.5711,0.4688,12,点位13,924,1.2149,0.0102,0.0000,0.0102,True,True,452,0,False
462,1778848472.587,5.7436,17.5702,0.4709,12,点位13,924,1.2172,5.7439,17.5649,0.4696,12,点位13,924,1.2215,0.0053,0.0000,0.0053,True,True,453,0,False
463,1778848475.087,5.7335,17.5624,0.4590,12,点位13,924,1.2169,5.7362,17.5693,0.4635,12,点位13,924,1.2132,0.0074,0.0000,0.0074,True,True,455,0,False
464,1778848478.088,5.7345,17.5755,0.4635,12,点位13,924,1.2073,5.7359,17.5749,0.4647,12,点位13,924,1.2086,0.0015,0.0000,0.0015,True,True,447,0,False
465,1778848482.388,5.7332,17.5736,0.4618,12,点位13,924,1.2080,5.7359,17.5749,0.4647,12,点位13,924,1.2086,0.0030,0.0000,0.0030,True,True,447,0,False
466,1778848484.488,5.7346,17.5752,0.4635,12,点位13,924,1.2076,5.7411,17.5656,0.4672,12,点位13,924,1.2192,0.0116,0.0000,0.0116,True,True,450,0,False
467,1778848484.588,5.7355,17.5752,0.4645,12,点位13,924,1.2082,5.7359,17.5749,0.4647,12,点位13,924,1.2086,0.0004,0.0000,0.0004,True,True,447,0,False
468,1778848486.788,5.8663,17.5776,0.5908,12,点位13,924,1.2923,5.7431,17.5833,0.4740,12,点位13,924,1.2066,0.1234,0.0588,0.1234,True,True,440,0,False
469,1778848491.288,6.7056,17.8482,0.5408,13,点位14,925,1.3785,6.7085,17.8556,0.5332,13,点位14,925,1.3734,0.0079,0.0040,0.0079,True,True,473,0,False
470,1778848493.388,6.7005,17.8544,0.5350,13,点位14,925,1.3813,6.6995,17.8562,0.5332,13,点位14,925,1.3817,0.0021,0.0115,0.0021,True,True,474,0,False
471,1778848496.388,6.7017,17.8651,0.5242,13,点位14,925,1.3768,6.7082,17.8572,0.5316,13,点位14,925,1.3731,0.0102,0.0134,0.0102,True,True,478,0,False
472,1778848499.588,6.6979,17.8531,0.5364,13,点位14,925,1.3842,6.6944,17.8528,0.5370,13,点位14,925,1.3876,0.0035,0.0064,0.0035,True,True,477,0,False
473,1778848502.588,6.7085,17.8556,0.5332,13,点位14,925,1.3734,6.7056,17.8482,0.5408,13,点位14,925,1.3785,0.0079,0.0040,0.0079,True,True,469,0,False
474,1778848506.388,6.6995,17.8562,0.5332,13,点位14,925,1.3817,6.7082,17.8572,0.5316,13,点位14,925,1.3731,0.0088,0.0073,0.0088,True,True,478,0,False
475,1778848508.288,6.6951,17.8544,0.5353,13,点位14,925,1.3865,6.7017,17.8651,0.5242,13,点位14,925,1.3768,0.0126,0.0162,0.0126,True,True,471,0,False
476,1778848512.288,6.6979,17.8633,0.5263,13,点位14,925,1.3810,6.6979,17.8531,0.5364,13,点位14,925,1.3842,0.0102,0.0065,0.0102,True,True,472,0,False
477,1778848514.688,6.6944,17.8528,0.5370,13,点位14,925,1.3876,6.6979,17.8531,0.5364,13,点位14,925,1.3842,0.0035,0.0064,0.0035,True,True,472,0,False
478,1778848517.488,6.7082,17.8572,0.5316,13,点位14,925,1.3731,6.6995,17.8562,0.5332,13,点位14,925,1.3817,0.0088,0.0073,0.0088,True,True,474,0,False
479,1778848521.388,6.7874,17.8727,0.5103,13,点位14,925,1.2931,6.7005,17.8544,0.5350,13,点位14,925,1.3813,0.0888,0.0632,0.0888,True,True,470,0,False
480,1778848523.088,7.0057,17.9835,0.3837,13,点位14,925,1.0512,6.7005,17.8544,0.5350,13,点位14,925,1.3813,0.3314,0.0705,0.3314,True,True,470,0,False
481,1778848526.788,7.7438,18.0746,0.2384,13,点位14,925,0.3450,6.6951,17.8544,0.5353,13,点位14,925,1.3865,1.0716,0.0810,1.0716,False,False,475,0,False
482,1778848530.089,8.4685,18.1216,0.2154,14,点位14,925,0.4898,6.7082,17.8572,0.5316,13,点位14,925,1.3731,1.7800,0.0832,1.7800,False,False,478,0,False
483,1778848533.488,9.5176,18.0732,0.3638,14,点位14,925,1.5237,11.6282,18.5131,0.1048,15,点位15,926,0.1713,2.1560,0.0592,2.1560,False,False,487,0,False
484,1778848535.489,10.0622,18.3080,0.1821,14,点位15,926,1.4752,18.8934,15.2373,0.8156,19,点位20,931,1.0855,9.3499,0.0861,9.3499,False,False,565,0,False
485,1778848538.889,10.5243,18.3203,0.2139,14,点位15,926,1.0253,18.5989,15.2065,0.9326,19,点位20,931,1.0330,8.6542,0.1026,8.6542,False,False,566,0,False
486,1778848542.789,11.1004,18.4945,0.0955,14,点位15,926,0.4235,13.0266,18.7289,0.2283,15,点位16,927,1.4678,1.9404,0.0730,1.9404,False,False,490,0,False
487,1778848545.089,11.6282,18.5131,0.1048,15,点位15,926,0.1713,9.5176,18.0732,0.3638,14,点位14,925,1.5237,2.1560,0.0592,2.1560,False,False,483,0,False
488,1778848547.089,12.1035,18.5816,0.0036,15,点位15,926,0.6033,14.2786,18.6257,0.2312,15,点位16,927,0.3016,2.1756,0.0683,2.1756,False,False,492,0,False
489,1778848548.589,12.5056,18.6018,0.0577,15,点位15,926,1.0040,14.7198,18.5316,0.1326,16,点位16,927,0.3082,2.2154,0.0703,2.2154,False,False,493,0,False
490,1778848550.889,13.0266,18.7289,0.2283,15,点位16,927,1.4678,14.5159,18.4177,0.0339,16,点位16,927,0.0747,1.5215,0.0718,1.5215,False,False,500,0,False
491,1778848554.193,13.7947,18.6810,0.2454,15,点位16,927,0.7233,14.5159,18.4177,0.0339,16,点位16,927,0.0747,0.7678,0.0684,0.7678,True,True,500,0,False
492,1778848557.589,14.2786,18.6257,0.2312,15,点位16,927,0.3016,14.5159,18.4177,0.0339,16,点位16,927,0.0747,0.3156,0.0618,0.3156,True,True,500,0,False
493,1778848559.089,14.7198,18.5316,0.1326,16,点位16,927,0.3082,14.5159,18.4177,0.0339,16,点位16,927,0.0747,0.2336,0.0811,0.2336,True,True,500,0,False
494,1778848562.289,14.7869,18.4341,0.0305,16,点位16,927,0.3394,-2.6822,7.2308,1.5516,8,点位8,919,1.9012,20.7529,0.1059,20.7529,False,False,214,0,False
495,1778848565.990,14.9013,18.4037,0.0081,16,点位16,927,0.4500,9.1849,16.5216,1.0128,20,点位14,925,2.1264,6.0183,0.0706,6.0183,False,False,606,0,False
496,1778848568.389,14.8755,18.2906,0.1190,16,点位16,927,0.4327,15.0375,17.3339,1.0851,16,点位16,927,1.1979,0.9704,0.1148,0.9704,True,True,503,0,False
497,1778848572.689,14.8534,18.3267,0.0815,16,点位16,927,0.4048,14.7782,17.4182,0.9820,16,点位16,927,1.0146,0.9116,0.1669,0.9116,True,True,502,0,False
498,1778848574.789,14.7231,18.4335,0.0345,16,点位16,927,0.2765,12.5056,18.6018,0.0577,15,点位15,926,1.0040,2.2239,0.0816,2.2239,False,False,489,0,False
499,1778848576.689,14.6296,18.4384,0.0463,16,点位16,927,0.1873,22.3026,19.0301,1.2237,17,点位17,928,1.7125,7.6958,0.0689,7.6958,False,False,543,0,False
500,1778848577.789,14.5159,18.4177,0.0339,16,点位16,927,0.0747,14.2786,18.6257,0.2312,15,点位16,927,0.3016,0.3156,0.0618,0.3156,True,True,492,0,False
501,1778848581.690,14.4237,17.8617,0.5181,15,点位16,927,0.5181,14.8534,18.3267,0.0815,16,点位16,927,0.4048,0.6331,0.2126,0.6331,True,True,497,0,False
502,1778848584.690,14.7782,17.4182,0.9820,16,点位16,927,1.0146,14.8534,18.3267,0.0815,16,点位16,927,0.4048,0.9116,0.1669,0.9116,True,True,497,0,False
503,1778848586.490,15.0375,17.3339,1.0851,16,点位16,927,1.1979,14.8755,18.2906,0.1190,16,点位16,927,0.4327,0.9704,0.1148,0.9704,True,True,496,0,True
504,1778848589.790,15.4864,17.3343,1.1174,16,点位16,927,1.4702,23.0970,14.9661,0.4102,18,点位19,930,0.4405,7.9706,0.1033,7.9706,False,False,557,0,False
505,1778848592.590,15.7317,17.5884,0.8819,16,点位16,927,1.5042,14.2786,18.6257,0.2312,15,点位16,927,0.3016,1.7853,0.0919,1.7853,False,False,492,0,False
506,1778848596.194,16.3139,17.6414,0.8715,16,点位16,927,2.0027,-0.2664,-4.4238,0.3154,1,点位2,913,4.2336,27.6003,0.1312,27.6003,False,False,87,0,False
507,1778848600.090,17.5594,17.9650,0.6397,16,点位20,931,1.9520,14.2786,18.6257,0.2312,15,点位16,927,0.3016,3.3467,0.1154,3.3467,False,False,492,0,False
508,1778848603.090,18.4632,18.0060,0.6647,16,点位20,931,1.7771,-0.2871,-5.6794,0.3494,1,点位2,913,2.9870,30.2088,0.0944,30.2088,False,False,91,0,False
509,1778848605.390,19.4066,18.0933,0.6465,16,点位17,928,1.4037,10.3542,15.9000,0.3020,20,点位15,926,2.9606,9.3143,0.0910,9.3143,False,False,605,0,False
510,1778848608.590,20.5486,18.2850,0.4571,17,点位17,928,0.5466,10.3542,15.9000,0.3020,20,点位15,926,2.9606,10.4696,0.0600,10.4696,False,False,605,0,False
511,1778848610.590,21.2479,18.4169,0.0844,17,点位17,928,0.7662,22.2012,18.6901,0.8952,17,点位17,928,1.6052,0.9916,0.0752,0.9916,True,True,522,0,False
512,1778848612.690,21.6863,18.5549,0.4670,17,点位17,928,1.1185,22.3456,18.7821,1.0576,17,点位17,928,1.7443,0.6973,0.0659,0.6973,True,True,531,0,False
513,1778848614.790,22.1235,18.6051,0.7803,17,点位17,928,1.5379,22.3456,18.7821,1.0576,17,点位17,928,1.7443,0.2840,0.0164,0.2840,True,True,531,0,False
514,1778848616.690,22.1895,18.6974,0.8937,17,点位17,928,1.5929,22.1950,18.6909,0.8920,17,点位17,928,1.5990,0.0086,0.0000,0.0086,True,True,523,0,False
515,1778848619.690,22.2049,18.7106,0.9135,17,点位17,928,1.6072,22.2012,18.6901,0.8952,17,点位17,928,1.6052,0.0208,0.0000,0.0208,True,True,522,0,False
516,1778848623.690,22.2149,18.7201,0.9273,17,点位17,928,1.6166,22.2012,18.6901,0.8952,17,点位17,928,1.6052,0.0331,0.0000,0.0331,True,True,522,0,False
517,1778848625.590,22.2004,18.6973,0.9005,17,点位17,928,1.6039,22.1950,18.6909,0.8920,17,点位17,928,1.5990,0.0084,0.0000,0.0084,True,True,523,0,False
518,1778848629.195,22.1700,18.6932,0.8782,17,点位17,928,1.5739,22.1903,18.7034,0.8988,17,点位17,928,1.5933,0.0227,0.0315,0.0227,True,True,525,0,False
519,1778848631.890,22.1834,18.6915,0.8852,17,点位17,928,1.5874,22.1903,18.7034,0.8988,17,点位17,928,1.5933,0.0137,0.0003,0.0137,True,True,525,0,False
520,1778848634.491,22.2043,18.6932,0.8997,17,点位17,928,1.6080,22.2149,18.7201,0.9273,17,点位17,928,1.6166,0.0290,0.0000,0.0290,True,True,516,0,False
521,1778848638.091,22.1691,18.6920,0.8766,17,点位17,928,1.5731,22.1903,18.7034,0.8988,17,点位17,928,1.5933,0.0241,0.0000,0.0241,True,True,525,0,False
522,1778848640.991,22.2012,18.6901,0.8952,17,点位17,928,1.6052,22.2149,18.7201,0.9273,17,点位17,928,1.6166,0.0331,0.0000,0.0331,True,True,516,0,False
523,1778848643.691,22.1950,18.6909,0.8920,17,点位17,928,1.5990,22.2004,18.6973,0.9005,17,点位17,928,1.6039,0.0084,0.0000,0.0084,True,True,517,0,False
524,1778848647.091,22.1973,18.7042,0.9039,17,点位17,928,1.6002,22.2004,18.6973,0.9005,17,点位17,928,1.6039,0.0076,0.0003,0.0076,True,True,517,0,False
525,1778848650.591,22.1903,18.7034,0.8988,17,点位17,928,1.5933,22.1691,18.6920,0.8766,17,点位17,928,1.5731,0.0241,0.0000,0.0241,True,True,521,0,False
526,1778848654.091,22.2059,18.6935,0.9009,17,点位17,928,1.6096,22.2083,18.6868,0.8972,17,点位17,928,1.6126,0.0071,0.0000,0.0071,True,True,530,0,False
527,1778848655.891,22.2012,18.6879,0.8936,17,点位17,928,1.6054,22.1834,18.6915,0.8852,17,点位17,928,1.5874,0.0181,0.0013,0.0181,True,True,519,0,False
528,1778848660.891,22.2098,18.6912,0.9015,17,点位17,928,1.6137,22.1834,18.6915,0.8852,17,点位17,928,1.5874,0.0264,0.0013,0.0264,True,True,519,0,False
529,1778848662.291,22.2047,18.7020,0.9068,17,点位17,928,1.6078,22.1834,18.6915,0.8852,17,点位17,928,1.5874,0.0238,0.0012,0.0238,True,True,519,0,False
530,1778848664.991,22.2083,18.6868,0.8972,17,点位17,928,1.6126,22.2059,18.6935,0.9009,17,点位17,928,1.6096,0.0071,0.0000,0.0071,True,True,526,0,False
531,1778848667.891,22.3456,18.7821,1.0576,17,点位17,928,1.7443,22.1235,18.6051,0.7803,17,点位17,928,1.5379,0.2840,0.0164,0.2840,True,True,513,0,True
532,1778848671.391,22.4483,18.8790,1.1974,17,点位17,928,1.8470,22.1235,18.6051,0.7803,17,点位17,928,1.5379,0.4249,0.0248,0.4249,True,True,513,0,True
533,1778848673.391,22.8265,18.7136,1.3060,17,点位18,929,1.9763,22.1235,18.6051,0.7803,17,点位17,928,1.5379,0.7113,0.0438,0.7113,True,True,513,0,True
534,1778848675.391,23.0933,18.5777,1.3675,17,点位18,929,1.8130,22.1834,18.6915,0.8852,17,点位17,928,1.5874,0.9169,0.0415,0.9169,True,True,519,0,True
535,1778848677.091,23.1227,18.6058,1.4079,17,点位18,929,1.8402,22.2049,18.7106,0.9135,17,点位17,928,1.6072,0.9238,0.0908,0.9238,True,True,515,0,True
536,1778848680.891,23.2637,18.6070,1.4973,17,点位18,929,1.8438,22.3456,18.7821,1.0576,17,点位17,928,1.7443,0.9347,0.1407,0.9347,True,True,531,0,False
537,1778848682.991,23.3379,18.6847,1.6043,17,点位18,929,1.9267,22.3456,18.7821,1.0576,17,点位17,928,1.7443,0.9970,0.1563,0.9970,True,True,531,0,False
538,1778848683.691,23.3243,18.7190,1.6225,17,点位18,929,1.9597,22.3456,18.7821,1.0576,17,点位17,928,1.7443,0.9807,0.1768,0.9807,True,True,531,0,False
539,1778848686.891,23.2401,18.8570,1.6771,17,点位18,929,2.0925,14.8755,18.2906,0.1190,16,点位16,927,0.4327,8.3837,0.0944,8.3837,False,False,496,0,False
540,1778848688.692,23.1542,18.9134,1.6671,17,点位18,929,2.1474,5.2644,17.6191,0.0240,12,点位13,924,0.9428,17.9366,0.1009,17.9366,False,False,437,0,False
541,1778848692.092,23.0165,19.0040,1.6513,17,点位18,929,2.2427,5.5798,17.5695,0.3133,12,点位13,924,1.1222,17.4956,0.1558,17.4956,False,False,438,0,False
542,1778848695.092,22.6810,19.1127,1.5254,17,点位17,928,2.0983,5.7439,17.5649,0.4696,12,点位13,924,1.2215,17.0077,0.1158,17.0077,False,False,453,0,False
543,1778848698.292,22.3026,19.0301,1.2237,17,点位17,928,1.7125,14.6296,18.4384,0.0463,16,点位16,927,0.1873,7.6958,0.0689,7.6958,False,False,499,0,False
544,1778848701.992,22.0604,18.8393,0.9231,17,点位17,928,1.4584,6.0200,15.4963,0.1614,12,点位21,932,0.4500,16.3850,0.0597,16.3850,False,False,407,0,False
545,1778848704.392,22.0677,18.5642,0.7135,17,点位17,928,1.4894,5.9860,15.7601,0.2018,12,点位21,932,0.6398,16.3244,0.0465,16.3244,False,False,421,0,False
546,1778848707.196,22.1591,18.3961,0.6400,17,点位17,928,1.6162,22.6810,19.1127,1.5254,17,点位17,928,2.0983,0.8865,0.2693,0.8865,True,True,542,0,False
547,1778848709.792,22.1509,17.8392,0.2012,17,点位18,929,1.4745,5.9860,15.7601,0.2018,12,点位21,932,0.6398,16.2980,0.0434,16.2980,False,False,421,0,False
548,1778848713.292,22.3702,16.9179,0.3785,17,点位18,929,0.8062,5.9860,15.7601,0.2018,12,点位21,932,0.6398,16.4251,0.0663,16.4251,False,False,421,0,False
549,1778848716.292,22.4827,16.2751,0.5265,18,点位18,929,0.8381,5.5880,17.5700,0.3213,12,点位13,924,1.1262,16.9442,0.0478,16.9442,False,False,425,0,False
550,1778848719.592,22.5077,15.4033,0.2732,18,点位19,930,0.5073,5.4552,17.8773,0.2789,12,点位13,924,0.7977,17.2310,0.0316,17.2310,False,False,426,0,False
551,1778848721.993,22.6324,14.9433,0.0153,19,点位19,930,0.0360,5.4552,17.8773,0.2789,12,点位13,924,0.7977,17.4260,0.0501,17.4260,False,False,426,0,False
552,1778848726.392,22.6652,14.7557,0.1635,18,点位19,930,0.1635,5.4171,7.2505,2.6118,22,点位22,933,3.4441,18.8102,0.0053,18.8102,False,False,305,0,False
553,1778848728.292,22.6191,14.6738,0.2484,18,点位19,930,0.2484,5.2882,18.4216,0.0734,13,点位13,924,0.3229,17.7315,0.0272,17.7315,False,False,430,0,False
554,1778848730.992,22.6784,14.4591,0.4603,18,点位19,930,0.4603,6.2740,17.8750,0.5458,13,点位13,924,1.4449,16.7563,0.0725,16.7563,False,False,622,0,False
555,1778848734.197,22.7736,14.3785,0.5526,18,点位19,930,0.5526,5.9528,17.6424,0.6919,12,点位13,924,1.3089,17.1346,0.0904,17.1346,False,False,623,0,False
556,1778848737.892,23.0136,14.7019,0.4158,18,点位19,930,0.4158,15.0375,17.3339,1.0851,16,点位16,927,1.1979,8.3992,0.0777,8.3992,False,False,503,0,False
557,1778848741.393,23.0970,14.9661,0.4102,18,点位19,930,0.4405,22.3781,15.3970,0.3729,19,点位19,930,0.5544,0.8381,0.2642,0.8381,True,True,561,0,False
558,1778848744.392,22.9588,15.2088,0.2131,18,点位19,930,0.4170,22.0524,15.2064,0.0940,19,点位19,930,0.6712,0.9064,0.2950,0.9064,True,True,562,0,False
559,1778848746.493,22.7809,15.4050,0.0101,18,点位19,930,0.5010,5.5798,17.5695,0.3133,12,点位13,924,1.1222,17.3367,0.1123,17.3367,False,False,438,0,False
560,1778848746.793,22.7465,15.4185,0.0468,18,点位19,930,0.5071,5.5798,17.5695,0.3133,12,点位13,924,1.1222,17.3009,0.1113,17.3009,False,False,438,0,False
561,1778848748.993,22.3781,15.3970,0.3729,19,点位19,930,0.5544,23.0970,14.9661,0.4102,18,点位19,930,0.4405,0.8381,0.2642,0.8381,True,True,557,0,False
562,1778848752.197,22.0524,15.2064,0.0940,19,点位19,930,0.6712,22.9588,15.2088,0.2131,18,点位19,930,0.4170,0.9064,0.2950,0.9064,True,True,558,0,False
563,1778848755.493,21.1935,15.2268,0.1419,19,点位19,930,1.4974,8.4685,18.1216,0.2154,14,点位14,925,0.4898,13.0502,0.0780,13.0502,False,False,482,0,False
564,1778848759.693,19.9769,15.1973,0.5317,19,点位20,931,1.8411,17.1410,15.1104,1.0132,20,点位20,931,1.7233,2.8372,0.0819,2.8372,False,False,568,0,False
565,1778848762.993,18.8934,15.2373,0.8156,19,点位20,931,1.0855,10.0622,18.3080,0.1821,14,点位15,926,1.4752,9.3499,0.0861,9.3499,False,False,484,0,False
566,1778848764.493,18.5989,15.2065,0.9326,19,点位20,931,1.0330,10.0622,18.3080,0.1821,14,点位15,926,1.4752,9.0826,0.0894,9.0826,False,False,484,0,False
567,1778848767.793,17.7664,15.1687,1.0037,20,点位20,931,1.2626,10.0622,18.3080,0.1821,14,点位15,926,1.4752,8.3193,0.1096,8.3193,False,False,484,0,False
568,1778848770.593,17.1410,15.1104,1.0132,20,点位20,931,1.7233,19.9769,15.1973,0.5317,19,点位20,931,1.8411,2.8372,0.0819,2.8372,False,False,564,0,False
569,1778848773.993,16.0687,14.8602,1.1792,20,点位20,931,2.7484,14.1182,14.4987,1.3878,20,点位16,927,3.8946,1.9837,0.0317,1.9837,False,False,573,0,False
570,1778848776.693,15.3785,14.6020,1.3829,20,点位20,931,3.4776,6.0347,5.8579,4.1202,22,点位22,933,4.7981,12.7971,0.0696,12.7971,False,False,329,0,False
571,1778848779.893,15.1828,14.6142,1.3556,20,点位20,931,3.6463,5.8712,5.8870,4.0089,22,点位22,933,4.7685,12.7621,0.1025,12.7621,False,False,330,0,False
572,1778848783.093,14.7585,14.5947,1.3419,20,点位16,927,3.7967,5.8096,5.8966,3.9681,22,点位22,933,4.7601,12.4796,0.1076,12.4796,False,False,331,0,False
573,1778848785.993,14.1182,14.4987,1.3878,20,点位16,927,3.8946,16.0687,14.8602,1.1792,20,点位20,931,2.7484,1.9837,0.0317,1.9837,False,False,569,0,False
574,1778848788.393,13.7753,14.4534,1.4063,20,点位16,927,3.9835,16.0687,14.8602,1.1792,20,点位20,931,2.7484,2.3292,0.0393,2.3292,False,False,569,0,False
575,1778848791.893,12.9634,14.7587,1.0388,20,点位16,927,3.9144,5.8712,5.8870,4.0089,22,点位22,933,4.7685,11.3581,0.0994,11.3581,False,False,330,0,False
576,1778848794.493,12.2813,14.7314,1.0129,20,点位15,926,3.9747,-3.2420,4.5712,1.0708,7,点位24,935,1.8495,18.5527,0.1223,18.5527,False,False,208,0,False
577,1778848797.794,11.3426,14.5624,1.1084,20,点位15,926,4.0697,-0.1443,-0.5407,0.1519,1,点位1,912,0.5399,18.9751,0.1400,18.9751,False,False,47,0,False
578,1778848801.794,10.8787,14.3587,1.2753,20,点位15,926,4.3155,6.0347,5.8579,4.1202,22,点位22,933,4.7981,9.7842,0.0770,9.7842,False,False,329,0,False
579,1778848803.894,10.8323,14.4022,1.2285,20,点位15,926,4.2796,6.1486,6.0317,4.0330,22,点位22,933,4.6281,9.5917,0.0686,9.5917,False,False,328,0,False
580,1778848808.198,10.8838,14.5597,1.0754,20,点位15,926,4.1160,0.8064,-0.4558,0.7997,1,点位1,912,0.9144,18.0837,0.2156,18.0837,False,False,34,0,False
581,1778848810.198,10.9163,14.5763,1.0614,20,点位15,926,4.0948,6.2155,9.7741,0.8942,22,点位22,933,0.9236,6.7200,0.1074,6.7200,False,False,674,0,False
582,1778848810.494,10.9318,14.5765,1.0624,20,点位15,926,4.0924,6.2155,9.7741,0.8942,22,点位22,933,0.9236,6.7310,0.0953,6.7310,False,False,674,0,False
583,1778848813.994,10.9959,14.4540,1.1895,20,点位15,926,4.2056,5.6939,11.9909,0.3810,21,点位11,922,0.6945,5.8462,0.0971,5.8462,False,False,365,0,False
584,1778848817.894,11.0418,14.3091,1.3376,20,点位15,926,4.3444,11.1176,14.3296,1.3230,20,点位15,926,4.3165,0.0785,0.1051,0.0785,True,True,593,0,False
585,1778848819.794,11.1241,14.2701,1.3828,20,点位15,926,4.3753,11.1310,14.3100,1.3436,20,点位15,926,4.3349,0.0405,0.0152,0.0405,True,True,597,0,False
586,1778848823.694,11.1201,14.3288,1.3240,20,点位15,926,4.3171,11.1253,14.3136,1.3395,20,点位15,926,4.3318,0.0161,0.0001,0.0161,True,True,598,0,False
587,1778848825.294,11.1241,14.3334,1.3197,20,点位15,926,4.3122,11.1310,14.3100,1.3436,20,点位15,926,4.3349,0.0244,0.0001,0.0244,True,True,597,0,False
588,1778848828.094,11.1246,14.3220,1.3311,20,点位15,926,4.3235,11.1310,14.3100,1.3436,20,点位15,926,4.3349,0.0137,0.0024,0.0137,True,True,597,0,False
589,1778848831.394,11.1225,14.3299,1.3231,20,点位15,926,4.3158,11.1288,14.3273,1.3262,20,点位15,926,4.3179,0.0069,0.0000,0.0069,True,True,596,0,False
590,1778848835.199,11.1255,14.3294,1.3238,20,点位15,926,4.3161,11.1253,14.3136,1.3395,20,点位15,926,4.3318,0.0158,0.0185,0.0158,True,True,598,0,False
591,1778848837.694,11.1289,14.3311,1.3224,20,点位15,926,4.3141,11.1248,14.3288,1.3243,20,点位15,926,4.3167,0.0047,0.0000,0.0047,True,True,601,0,False
592,1778848839.894,11.1282,14.3294,1.3240,20,点位15,926,4.3158,11.1248,14.3288,1.3243,20,点位15,926,4.3167,0.0035,0.0000,0.0035,True,True,601,0,False
593,1778848843.694,11.1176,14.3296,1.3230,20,点位15,926,4.3165,11.1248,14.3288,1.3243,20,点位15,926,4.3167,0.0072,0.0000,0.0072,True,True,601,0,False
594,1778848846.495,11.1317,14.3311,1.3226,20,点位15,926,4.3138,11.1151,14.3265,1.3258,20,点位15,926,4.3198,0.0172,0.0000,0.0172,True,True,600,0,False
595,1778848850.595,11.1267,14.3292,1.3241,20,点位15,926,4.3161,11.1248,14.3288,1.3243,20,点位15,926,4.3167,0.0020,0.0000,0.0020,True,True,601,0,False
596,1778848852.995,11.1288,14.3273,1.3262,20,点位15,926,4.3179,11.1225,14.3299,1.3231,20,点位15,926,4.3158,0.0069,0.0000,0.0069,True,True,589,0,False
597,1778848856.095,11.1310,14.3100,1.3436,20,点位15,926,4.3349,11.1197,14.3234,1.3293,20,点位15,926,4.3225,0.0175,0.0000,0.0175,True,True,602,0,False
598,1778848858.295,11.1253,14.3136,1.3395,20,点位15,926,4.3318,11.1317,14.3311,1.3226,20,点位15,926,4.3138,0.0186,0.0000,0.0186,True,True,594,0,False
599,1778848862.695,11.1366,14.3143,1.3397,20,点位15,926,4.3302,11.1225,14.3299,1.3231,20,点位15,926,4.3158,0.0211,0.0000,0.0211,True,True,589,0,False
600,1778848865.095,11.1151,14.3265,1.3258,20,点位15,926,4.3198,11.1317,14.3311,1.3226,20,点位15,926,4.3138,0.0172,0.0000,0.0172,True,True,594,0,False
601,1778848867.395,11.1248,14.3288,1.3243,20,点位15,926,4.3167,11.1282,14.3294,1.3240,20,点位15,926,4.3158,0.0035,0.0000,0.0035,True,True,592,0,False
602,1778848870.895,11.1197,14.3234,1.3293,20,点位15,926,4.3225,11.1310,14.3100,1.3436,20,点位15,926,4.3349,0.0175,0.0000,0.0175,True,True,597,0,False
603,1778848873.795,11.2506,14.6447,1.0192,20,点位15,926,3.9922,11.1201,14.3288,1.3240,20,点位15,926,4.3171,0.3418,0.1409,0.3418,True,True,586,1,False
604,1778848876.395,11.0883,15.3074,0.3459,20,点位15,926,3.3473,11.1317,14.3311,1.3226,20,点位15,926,4.3138,0.9772,0.2105,0.9772,True,True,594,0,False
605,1778848879.895,10.3542,15.9000,0.3020,20,点位15,926,2.9606,20.5486,18.2850,0.4571,17,点位17,928,0.5466,10.4696,0.0600,10.4696,False,False,510,0,False
606,1778848883.595,9.1849,16.5216,1.0128,20,点位14,925,2.1264,21.2479,18.4169,0.0844,17,点位17,928,0.7662,12.2111,0.0603,12.2111,False,False,511,0,False
607,1778848885.695,8.3520,16.8343,1.3893,20,点位14,925,1.4992,21.2479,18.4169,0.0844,17,点位17,928,0.7662,12.9927,0.0648,12.9927,False,False,511,0,False
608,1778848885.895,8.2856,16.8266,1.3868,20,点位14,925,1.4930,21.2479,18.4169,0.0844,17,点位17,928,0.7662,13.0595,0.0647,13.0595,False,False,511,0,False
609,1778848888.200,7.3604,17.0592,1.2794,13,点位14,925,1.3953,23.1227,18.6058,1.4079,17,点位18,929,1.8402,15.8380,0.0970,15.8380,False,False,535,0,False
610,1778848891.595,6.1135,17.2064,0.7254,12,点位13,924,1.7335,6.2740,17.8750,0.5458,13,点位13,924,1.4449,0.6876,0.0392,0.6876,True,True,622,0,False
611,1778848895.595,5.6020,16.9141,0.1528,12,点位13,924,1.7203,5.7331,17.3403,0.3970,12,点位13,924,1.3979,0.4459,0.0829,0.4459,True,True,624,0,False
612,1778848898.596,5.4152,16.7397,0.0750,12,点位21,932,1.7638,5.6252,17.1340,0.2362,12,点位13,924,1.5270,0.4468,0.0476,0.4468,True,True,659,0,False
613,1778848902.096,5.4950,16.3767,0.0990,12,点位21,932,1.4271,6.0754,16.3050,0.4388,12,点位21,932,1.0720,0.5848,0.0442,0.5848,True,True,661,0,False
614,1778848905.296,5.8901,16.1608,0.2207,12,点位21,932,1.0194,5.0843,15.2822,0.7971,12,点位21,932,1.3358,1.1921,0.0721,1.1921,False,False,402,0,False
615,1778848906.396,5.9958,16.0871,0.3018,12,点位21,932,0.9030,5.0843,15.2822,0.7971,12,点位21,932,1.3358,1.2160,0.1130,1.2160,False,False,402,1,False
616,1778848910.596,6.5773,16.1732,0.8683,20,点位21,932,0.8971,5.7439,17.5649,0.4696,12,点位13,924,1.2215,1.6221,0.1085,1.6221,False,False,453,0,False
617,1778848913.396,6.9307,16.4982,1.1648,20,点位21,932,1.3117,5.9098,15.3171,0.0057,12,点位21,932,0.5110,1.5612,0.0654,1.5612,False,False,406,0,False
618,1778848916.596,7.1016,17.1254,1.2324,13,点位14,925,1.4802,7.0057,17.9835,0.3837,13,点位14,925,1.0512,0.8634,0.2456,0.8634,True,True,480,0,True
619,1778848918.596,7.0524,17.4895,0.8729,13,点位14,925,1.2507,22.4827,16.2751,0.5265,18,点位18,929,0.8381,15.4780,0.0584,15.4780,False,False,549,0,False
620,1778848918.896,7.0436,17.5580,0.8052,13,点位14,925,1.2147,22.4827,16.2751,0.5265,18,点位18,929,0.8381,15.4923,0.0543,15.4923,False,False,549,0,False
621,1778848923.201,6.5629,17.9169,0.4827,13,点位14,925,1.4954,6.1135,17.2064,0.7254,12,点位13,924,1.7335,0.8407,0.0670,0.8407,True,True,610,0,False
622,1778848924.996,6.2740,17.8750,0.5458,13,点位13,924,1.4449,6.1135,17.2064,0.7254,12,点位13,924,1.7335,0.6876,0.0392,0.6876,True,True,610,0,False
623,1778848927.201,5.9528,17.6424,0.6919,12,点位13,924,1.3089,5.7451,17.3454,0.4100,12,点位13,924,1.4001,0.3623,0.1198,0.3623,True,True,634,0,False
624,1778848931.596,5.7331,17.3403,0.3970,12,点位13,924,1.3979,5.7389,17.3375,0.4018,12,点位13,924,1.4034,0.0065,0.0010,0.0065,True,True,652,0,False
625,1778848933.596,5.7349,17.3419,0.3992,12,点位13,924,1.3975,5.7419,17.3377,0.4048,12,点位13,924,1.4048,0.0082,0.0002,0.0082,True,True,636,0,False
626,1778848934.497,5.7515,17.3655,0.4217,12,点位13,924,1.3869,5.7459,17.3679,0.4169,12,点位13,924,1.3818,0.0061,0.0000,0.0061,True,True,638,0,False
627,1778848936.396,5.7396,17.3409,0.4034,12,点位13,924,1.4009,5.7389,17.3375,0.4018,12,点位13,924,1.4034,0.0035,0.0000,0.0035,True,True,652,0,False
628,1778848940.297,5.7374,17.3360,0.4000,12,点位13,924,1.4039,5.7348,17.3380,0.3980,12,点位13,924,1.4008,0.0032,0.0002,0.0032,True,True,637,0,False
629,1778848942.496,5.7338,17.3354,0.3963,12,点位13,924,1.4024,5.7430,17.3294,0.4035,12,点位13,924,1.4124,0.0110,0.0000,0.0110,True,True,656,0,False
630,1778848945.201,5.7287,17.3473,0.3947,12,点位13,924,1.3897,5.7259,17.3514,0.3932,12,点位13,924,1.3847,0.0050,0.0001,0.0050,True,True,645,0,False
631,1778848948.201,5.7312,17.3449,0.3964,12,点位13,924,1.3930,5.7259,17.3514,0.3932,12,点位13,924,1.3847,0.0084,0.0000,0.0084,True,True,645,0,False
632,1778848952.297,5.7658,17.3664,0.4357,12,点位13,924,1.3941,5.7459,17.3679,0.4169,12,点位13,924,1.3818,0.0200,0.0000,0.0200,True,True,638,0,False
633,1778848955.597,5.7366,17.3329,0.3983,12,点位13,924,1.4060,5.7457,17.3453,0.4105,12,点位13,924,1.4006,0.0153,0.0000,0.0153,True,True,657,0,False
634,1778848958.201,5.7451,17.3454,0.4100,12,点位13,924,1.4001,5.7408,17.3281,0.4011,12,点位13,924,1.4123,0.0178,0.0000,0.0178,True,True,649,0,False
635,1778848961.397,5.7426,17.3426,0.4067,12,点位13,924,1.4011,5.7441,17.3279,0.4041,12,点位13,924,1.4143,0.0148,0.0022,0.0148,True,True,653,0,False
636,1778848963.897,5.7419,17.3377,0.4048,12,点位13,924,1.4048,5.7437,17.3329,0.4051,12,点位13,924,1.4099,0.0052,0.0000,0.0052,True,True,658,0,False
637,1778848966.698,5.7348,17.3380,0.3980,12,点位13,924,1.4008,5.7367,17.3506,0.4034,12,点位13,924,1.3912,0.0128,0.0000,0.0128,True,True,651,0,False
638,1778848969.597,5.7459,17.3679,0.4169,12,点位13,924,1.3818,5.7658,17.3664,0.4357,12,点位13,924,1.3941,0.0200,0.0000,0.0200,True,True,632,0,False
639,1778848973.797,5.7371,17.3581,0.4058,12,点位13,924,1.3851,5.7398,17.3449,0.4047,12,点位13,924,1.3976,0.0135,0.0006,0.0135,True,True,644,0,False
640,1778848975.597,5.7317,17.3564,0.4001,12,点位13,924,1.3836,5.7285,17.3480,0.3947,12,点位13,924,1.3889,0.0090,0.0000,0.0090,True,True,654,0,False
641,1778848978.397,5.7315,17.3552,0.3996,12,点位13,924,1.3845,5.7313,17.3514,0.3984,12,点位13,924,1.3876,0.0038,0.0000,0.0038,True,True,646,0,False
642,1778848982.097,5.7304,17.3439,0.3954,12,点位13,924,1.3934,5.7345,17.3443,0.3995,12,点位13,924,1.3953,0.0042,0.0000,0.0042,True,True,647,0,False
643,1778848984.397,5.7266,17.3528,0.3942,12,点位13,924,1.3839,5.7329,17.3428,0.3975,12,点位13,924,1.3957,0.0118,0.0000,0.0118,True,True,655,0,False
644,1778848987.497,5.7398,17.3449,0.4047,12,点位13,924,1.3976,5.7441,17.3279,0.4041,12,点位13,924,1.4143,0.0176,0.0000,0.0176,True,True,653,0,False
645,1778848991.202,5.7259,17.3514,0.3932,12,点位13,924,1.3847,5.7312,17.3449,0.3964,12,点位13,924,1.3930,0.0084,0.0000,0.0084,True,True,631,0,False
646,1778848993.598,5.7313,17.3514,0.3984,12,点位13,924,1.3876,5.7315,17.3552,0.3996,12,点位13,924,1.3845,0.0038,0.0000,0.0038,True,True,641,0,False
647,1778848997.097,5.7345,17.3443,0.3995,12,点位13,924,1.3953,5.7304,17.3439,0.3954,12,点位13,924,1.3934,0.0042,0.0000,0.0042,True,True,642,0,False
648,1778848999.898,5.7275,17.3468,0.3934,12,点位13,924,1.3895,5.7304,17.3439,0.3954,12,点位13,924,1.3934,0.0040,0.0000,0.0040,True,True,642,0,False
649,1778849003.202,5.7408,17.3281,0.4011,12,点位13,924,1.4123,5.7451,17.3454,0.4100,12,点位13,924,1.4001,0.0178,0.0000,0.0178,True,True,634,0,False
650,1778849006.698,5.7367,17.3415,0.4008,12,点位13,924,1.3988,5.7366,17.3329,0.3983,12,点位13,924,1.4060,0.0086,0.0038,0.0086,True,True,633,0,False
651,1778849008.398,5.7367,17.3506,0.4034,12,点位13,924,1.3912,5.7459,17.3679,0.4169,12,点位13,924,1.3818,0.0195,0.0000,0.0195,True,True,638,0,False
652,1778849011.998,5.7389,17.3375,0.4018,12,点位13,924,1.4034,5.7396,17.3409,0.4034,12,点位13,924,1.4009,0.0035,0.0000,0.0035,True,True,627,0,False
653,1778849015.698,5.7441,17.3279,0.4041,12,点位13,924,1.4143,5.7398,17.3449,0.4047,12,点位13,924,1.3976,0.0176,0.0000,0.0176,True,True,644,0,False
654,1778849017.298,5.7285,17.3480,0.3947,12,点位13,924,1.3889,5.7317,17.3564,0.4001,12,点位13,924,1.3836,0.0090,0.0000,0.0090,True,True,640,0,False
655,1778849020.798,5.7329,17.3428,0.3975,12,点位13,924,1.3957,5.7317,17.3564,0.4001,12,点位13,924,1.3836,0.0137,0.0000,0.0137,True,True,640,0,False
656,1778849024.298,5.7430,17.3294,0.4035,12,点位13,924,1.4124,5.7338,17.3354,0.3963,12,点位13,924,1.4024,0.0110,0.0000,0.0110,True,True,629,0,False
657,1778849026.398,5.7457,17.3453,0.4105,12,点位13,924,1.4006,5.7366,17.3329,0.3983,12,点位13,924,1.4060,0.0153,0.0000,0.0153,True,True,633,0,False
658,1778849026.899,5.7437,17.3329,0.4051,12,点位13,924,1.4099,5.7419,17.3377,0.4048,12,点位13,924,1.4048,0.0052,0.0000,0.0052,True,True,636,0,False
659,1778849030.098,5.6252,17.1340,0.2362,12,点位13,924,1.5270,5.4152,16.7397,0.0750,12,点位21,932,1.7638,0.4468,0.0476,0.4468,True,True,612,0,False
660,1778849033.498,5.8089,16.5199,0.2423,12,点位21,932,1.3733,5.4950,16.3767,0.0990,12,点位21,932,1.4271,0.3450,0.0775,0.3450,True,True,613,0,False
661,1778849036.099,6.0754,16.3050,0.4388,12,点位21,932,1.0720,5.4950,16.3767,0.0990,12,点位21,932,1.4271,0.5848,0.0442,0.5848,True,True,613,0,False
662,1778849039.498,6.2696,15.6040,0.3482,20,点位21,932,0.3482,3.3036,8.4612,0.4655,22,点位23,934,2.6410,7.7342,0.0986,7.7342,False,False,301,0,False
663,1778849042.203,6.4088,14.8531,0.0341,21,点位21,932,0.4370,5.7377,10.2846,0.2081,22,点位22,933,0.4211,4.6176,0.1521,4.6176,False,False,344,0,False
664,1778849044.899,6.4291,13.9978,0.1427,21,点位12,923,0.3587,-2.9686,-0.4327,1.3891,7,点位7,918,2.2007,17.2208,0.0959,17.2208,False,False,175,0,False
665,1778849047.899,6.3874,13.4249,0.1605,21,点位12,923,0.8716,6.0347,5.8579,4.1202,22,点位22,933,4.7981,7.5753,0.1626,7.5753,False,False,329,0,False
666,1778849052.099,6.1437,12.8098,0.0078,11,点位11,922,1.3814,15.1828,14.6142,1.3556,20,点位20,931,3.6463,9.2175,0.1300,9.2175,False,False,571,0,False
667,1778849054.499,6.1114,12.0954,0.0145,11,点位11,922,0.6664,5.3769,11.8541,0.5422,10,点位11,922,0.8405,0.7731,0.3392,0.7731,True,True,366,1,False
668,1778849057.599,6.2116,11.5440,0.1054,11,点位11,922,0.1589,5.3769,11.8541,0.5422,10,点位11,922,0.8405,0.8905,0.3798,0.8905,True,False,366,0,False
669,1778849060.499,6.1301,10.8606,0.1698,21,点位22,933,0.2814,-0.8766,-10.9740,0.4480,3,点位3,914,0.9086,22.9313,0.0723,22.9313,False,False,136,0,False
670,1778849063.599,6.1309,10.3721,0.3424,21,点位22,933,0.3424,6.4154,10.0012,0.8096,21,点位22,933,0.8096,0.4675,0.3127,0.4675,True,True,676,8,False
671,1778849066.203,6.1495,10.1633,0.5291,22,点位22,933,0.5353,5.6427,10.8416,0.3130,21,点位22,933,0.3493,0.8467,0.2664,0.8467,True,True,371,0,False
672,1778849070.799,6.1300,10.1033,0.5696,22,点位22,933,0.5841,5.6427,10.8416,0.3130,21,点位22,933,0.3493,0.8846,0.1312,0.8846,True,True,371,0,False
673,1778849072.204,6.1437,9.8842,0.7628,22,点位22,933,0.7978,5.6852,10.5406,0.0369,22,点位22,933,0.2775,0.8007,0.2506,0.8007,True,True,354,0,False
674,1778849075.599,6.2155,9.7741,0.8942,22,点位22,933,0.9236,5.7943,9.7942,0.6540,22,点位22,933,0.8727,0.4217,0.2287,0.4217,True,True,343,0,False
675,1778849078.000,6.3303,9.7642,0.9634,22,点位22,933,0.9734,5.7943,9.7942,0.6540,22,点位22,933,0.8727,0.5369,0.0995,0.5369,True,True,343,0,False
676,1778849082.099,6.4154,10.0012,0.8096,21,点位22,933,0.8096,6.4324,10.0062,0.8157,21,点位22,933,0.8157,0.0178,0.0021,0.0178,True,True,680,0,False
677,1778849084.399,6.3958,9.9744,0.8202,21,点位22,933,0.8202,6.4246,9.9990,0.8167,21,点位22,933,0.8167,0.0379,0.0084,0.0379,True,True,682,0,False
678,1778849087.204,6.4119,9.9678,0.8348,21,点位22,933,0.8348,6.4246,9.9990,0.8167,21,点位22,933,0.8167,0.0336,0.0335,0.0336,True,True,682,0,False
679,1778849089.900,6.4054,9.9879,0.8145,21,点位22,933,0.8145,5.7377,10.2846,0.2081,22,点位22,933,0.4211,0.7306,0.1960,0.7306,True,True,344,0,False
680,1778849094.499,6.4324,10.0062,0.8157,21,点位22,933,0.8157,6.4154,10.0012,0.8096,21,点位22,933,0.8096,0.0178,0.0021,0.0178,True,True,676,0,False
681,1778849096.204,6.4235,9.9765,0.8343,21,点位22,933,0.8343,6.4154,10.0012,0.8096,21,点位22,933,0.8096,0.0259,0.0402,0.0259,True,True,676,0,False
682,1778849099.700,6.4246,9.9990,0.8167,21,点位22,933,0.8167,6.4154,10.0012,0.8096,21,点位22,933,0.8096,0.0094,0.0041,0.0094,True,True,676,0,False
683,1778849102.100,6.2574,10.1862,0.5672,21,点位22,933,0.5672,6.3958,9.9744,0.8202,21,点位22,933,0.8202,0.2530,0.2113,0.2530,True,True,677,6,False
684,1778849105.400,5.4985,10.1782,0.1716,22,点位22,933,0.6485,5.0812,9.8721,0.2102,22,点位22,933,1.1606,0.5175,0.0963,0.5175,True,True,691,0,False
685,1778849108.100,5.1262,9.9406,0.1759,22,点位22,933,1.0814,5.0930,9.8908,0.2006,22,点位22,933,1.1393,0.0599,0.0048,0.0599,True,True,689,0,False
686,1778849111.300,5.0768,9.8961,0.1875,22,点位22,933,1.1479,5.1356,9.7846,0.3132,22,点位22,933,1.1838,0.1260,0.0035,0.1260,True,True,690,0,False
687,1778849115.700,5.1037,9.8800,0.2155,22,点位22,933,1.1388,5.0812,9.8721,0.2102,22,点位22,933,1.1606,0.0237,0.0021,0.0237,True,True,691,0,False
688,1778849117.901,5.0984,9.8836,0.2096,22,点位22,933,1.1402,4.2093,9.5662,0.0079,22,点位22,933,2.0430,0.9441,0.0521,0.9441,True,True,692,0,False
689,1778849120.100,5.0930,9.8908,0.2006,22,点位22,933,1.1393,5.1262,9.9406,0.1759,22,点位22,933,1.0814,0.0599,0.0048,0.0599,True,True,685,0,False
690,1778849123.800,5.1356,9.7846,0.3132,22,点位22,933,1.1838,5.0768,9.8961,0.1875,22,点位22,933,1.1479,0.1260,0.0035,0.1260,True,True,686,0,False
691,1778849126.500,5.0812,9.8721,0.2102,22,点位22,933,1.1606,5.1037,9.8800,0.2155,22,点位22,933,1.1388,0.0237,0.0021,0.0237,True,True,687,0,False
692,1778849130.000,4.2093,9.5662,0.0079,22,点位22,933,2.0430,5.0984,9.8836,0.2096,22,点位22,933,1.1402,0.9441,0.0521,0.9441,True,True,688,0,False
693,1778849132.100,3.0781,9.0058,0.1160,22,点位10,921,2.2510,6.1879,6.1942,3.9160,22,点位22,933,4.4678,4.1923,0.0896,4.1923,False,False,334,0,False
694,1778849132.600,2.8741,8.8232,0.0692,22,点位10,921,2.2599,5.1037,9.8800,0.2155,22,点位22,933,1.1388,2.4673,0.1109,2.4673,False,False,687,0,False
695,1778849135.100,2.1117,8.1452,0.1022,22,点位23,934,1.4250,1.8115,8.1914,0.0961,22,点位23,934,1.1950,0.3038,0.0282,0.3038,True,True,284,0,False
696,1778849137.900,1.2717,7.4792,0.2221,22,点位23,934,0.4197,1.8115,8.1914,0.0961,22,点位23,934,1.1950,0.8937,0.0373,0.8937,True,True,284,0,False
697,1778849142.500,0.4083,6.1148,0.3788,23,点位23,934,1.4346,-3.6130,-8.2092,1.3340,5,点位5,916,2.1354,14.8777,0.1267,14.8777,False,False,147,0,False
698,1778849144.500,0.2929,5.4276,0.6599,23,点位23,934,2.1262,0.3004,4.9546,0.9260,23,点位24,935,2.1642,0.4730,0.0920,0.4730,True,True,702,0,False
699,1778849146.500,0.3086,4.9447,0.9383,23,点位24,935,2.1660,-3.5388,-5.9192,0.8749,5,点位6,917,0.8749,11.5250,0.0931,11.5250,False,False,155,0,False
700,1778849147.101,0.3155,4.9523,0.9399,23,点位24,935,2.1759,-3.5388,-5.9192,0.8749,5,点位6,917,0.8749,11.5345,0.0905,11.5345,False,False,155,0,False
701,1778849150.101,0.3241,4.9524,0.9471,23,点位24,935,2.1833,-3.5480,-5.2837,0.8467,6,点位6,917,0.9714,10.9440,0.0950,10.9440,False,False,156,0,False
702,1778849153.001,0.3004,4.9546,0.9260,23,点位24,935,2.1642,0.2929,5.4276,0.6599,23,点位23,934,2.1262,0.4730,0.0920,0.4730,True,True,698,0,False
703,1778849155.901,0.0737,4.2547,1.1212,23,点位24,935,1.6767,6.1879,6.1942,3.9160,22,点位22,933,4.4678,6.4144,0.1497,6.4144,False,False,334,0,False
704,1778849160.205,-0.1215,2.7507,1.7882,23,点位24,935,1.7882,15.0375,17.3339,1.0851,16,点位16,927,1.1979,21.0348,0.1952,21.0348,False,False,503,0,False
705,1778849162.205,-0.1117,2.2575,2.1290,23,点位24,935,2.1290,5.6939,11.9909,0.3810,21,点位11,922,0.6945,11.3333,0.1237,11.3333,False,False,365,0,False
706,1778849165.701,-0.2289,1.3623,1.3814,0,点位1,912,1.4025,5.6939,11.9909,0.3810,21,点位11,922,0.6945,12.1674,0.1126,12.1674,False,False,365,0,False
707,1778849168.901,-0.3927,0.3884,0.5523,0,点位1,912,0.5687,0.8872,-0.2054,0.8832,1,点位1,912,0.9042,1.4109,0.1103,1.4109,False,False,32,0,False
708,1778849171.501,-0.3565,-0.1842,0.3602,1,点位1,912,0.3939,-0.0332,-0.7972,0.0434,1,点位1,912,0.7770,0.6931,0.2737,0.6931,True,True,45,0,False
709,1778849174.601,-0.4160,-0.2919,0.4209,1,点位1,912,0.4982,-0.1382,-0.4398,0.1447,1,点位1,912,0.4416,0.3147,0.2753,0.3147,True,True,48,88,False
710,1778849177.301,-0.3301,-0.3715,0.3358,1,点位1,912,0.4828,0.3729,0.1822,0.4150,0,点位1,912,0.4229,0.8949,0.0708,0.8949,True,True,27,0,False
711,1778849180.701,-0.1681,-0.2123,0.1721,1,点位1,912,0.2559,0.2192,0.3063,0.3766,0,点位1,912,0.3927,0.6472,0.0871,0.6472,True,True,54,0,False
712,1778849183.901,-0.0867,-0.0969,0.0895,1,点位1,912,0.1167,-0.0031,0.0091,0.0096,0,点位1,912,0.0305,0.1350,0.0207,0.1350,True,True,5,0,False
713,1778849186.601,-0.0928,-0.2333,0.0970,1,点位1,912,0.2325,-0.0021,0.0086,0.0089,0,点位1,912,0.0299,0.2583,0.0560,0.2583,True,True,11,0,False
714,1778849190.502,-0.0648,-0.1170,0.0678,1,点位1,912,0.1170,-0.0632,-0.1055,0.0661,1,点位1,912,0.1067,0.0117,0.0033,0.0117,True,True,742,0,False
715,1778849192.501,-0.0667,-0.1017,0.0695,1,点位1,912,0.1059,-0.0670,-0.0981,0.0698,1,点位1,912,0.1034,0.0036,0.0033,0.0036,True,True,733,0,False
716,1778849194.102,-0.0645,-0.1168,0.0675,1,点位1,912,0.1166,-0.0670,-0.0981,0.0698,1,点位1,912,0.1034,0.0189,0.0022,0.0189,True,True,733,0,False
717,1778849195.801,-0.0620,-0.1014,0.0648,1,点位1,912,0.1028,-0.0587,-0.1085,0.0617,1,点位1,912,0.1065,0.0078,0.0021,0.0078,True,True,726,0,False
718,1778849198.502,-0.0630,-0.1049,0.0659,1,点位1,912,0.1061,-0.0670,-0.0981,0.0698,1,点位1,912,0.1034,0.0079,0.0020,0.0079,True,True,733,0,False
719,1778849201.902,-0.0695,-0.1209,0.0726,1,点位1,912,0.1228,-0.0587,-0.1085,0.0617,1,点位1,912,0.1065,0.0164,0.0036,0.0164,True,True,726,0,False
720,1778849205.702,-0.0693,-0.1001,0.0721,1,点位1,912,0.1065,-0.0727,-0.0958,0.0755,1,点位1,912,0.1057,0.0056,0.0016,0.0056,True,True,736,0,False
721,1778849207.702,-0.0690,-0.1037,0.0719,1,点位1,912,0.1090,-0.0668,-0.1034,0.0697,1,点位1,912,0.1074,0.0022,0.0008,0.0022,True,True,725,0,False
722,1778849209.802,-0.0698,-0.0977,0.0727,1,点位1,912,0.1051,-0.0693,-0.1023,0.0721,1,点位1,912,0.1081,0.0047,0.0013,0.0047,True,True,731,0,False
723,1778849210.902,-0.0720,-0.1105,0.0750,1,点位1,912,0.1161,-0.0630,-0.1015,0.0658,1,点位1,912,0.1035,0.0127,0.0019,0.0127,True,True,741,0,False
724,1778849214.302,-0.0631,-0.0966,0.0659,1,点位1,912,0.0997,-0.0693,-0.1023,0.0721,1,点位1,912,0.1081,0.0085,0.0008,0.0085,True,True,731,0,False
725,1778849216.302,-0.0668,-0.1034,0.0697,1,点位1,912,0.1074,-0.0693,-0.1023,0.0721,1,点位1,912,0.1081,0.0026,0.0003,0.0026,True,True,731,0,False
726,1778849219.402,-0.0587,-0.1085,0.0617,1,点位1,912,0.1065,-0.0620,-0.1014,0.0648,1,点位1,912,0.1028,0.0078,0.0021,0.0078,True,True,717,0,False
727,1778849223.502,-0.0666,-0.1085,0.0695,1,点位1,912,0.1112,-0.0748,-0.1029,0.0777,1,点位1,912,0.1123,0.0100,0.0012,0.0100,True,True,737,0,False
728,1778849226.402,-0.0736,-0.1160,0.0766,1,点位1,912,0.1214,-0.0670,-0.0981,0.0698,1,点位1,912,0.1034,0.0191,0.0021,0.0191,True,True,733,0,False
729,1778849228.402,-0.0699,-0.1098,0.0729,1,点位1,912,0.1143,-0.0602,-0.1027,0.0630,1,点位1,912,0.1027,0.0121,0.0008,0.0121,True,True,734,0,False
730,1778849229.207,-0.0686,-0.0944,0.0713,1,点位1,912,0.1018,-0.0645,-0.1168,0.0675,1,点位1,912,0.1166,0.0228,0.0158,0.0228,True,True,716,0,False
731,1778849231.402,-0.0693,-0.1023,0.0721,1,点位1,912,0.1081,-0.0668,-0.1034,0.0697,1,点位1,912,0.1074,0.0026,0.0003,0.0026,True,True,725,0,False
732,1778849234.603,-0.0662,-0.1060,0.0691,1,点位1,912,0.1090,-0.0631,-0.0966,0.0659,1,点位1,912,0.0997,0.0099,0.0021,0.0099,True,True,724,0,False
733,1778849237.802,-0.0670,-0.0981,0.0698,1,点位1,912,0.1034,-0.0630,-0.1049,0.0659,1,点位1,912,0.1061,0.0079,0.0020,0.0079,True,True,718,0,False
734,1778849241.002,-0.0602,-0.1027,0.0630,1,点位1,912,0.1027,-0.0699,-0.1098,0.0729,1,点位1,912,0.1143,0.0121,0.0008,0.0121,True,True,729,0,False
735,1778849244.703,-0.0669,-0.0995,0.0698,1,点位1,912,0.1045,-0.0632,-0.1055,0.0661,1,点位1,912,0.1067,0.0071,0.0022,0.0071,True,True,742,0,False
736,1778849246.702,-0.0727,-0.0958,0.0755,1,点位1,912,0.1057,-0.0693,-0.1001,0.0721,1,点位1,912,0.1065,0.0056,0.0016,0.0056,True,True,720,0,False
737,1778849249.603,-0.0748,-0.1029,0.0777,1,点位1,912,0.1123,-0.0666,-0.1085,0.0695,1,点位1,912,0.1112,0.0100,0.0012,0.0100,True,True,727,0,False
738,1778849253.703,-0.0660,-0.1038,0.0689,1,点位1,912,0.1072,-0.0666,-0.1085,0.0695,1,点位1,912,0.1112,0.0047,0.0033,0.0047,True,True,727,0,False
739,1778849256.703,-0.0699,-0.1118,0.0729,1,点位1,912,0.1158,-0.0631,-0.0966,0.0659,1,点位1,912,0.0997,0.0167,0.0014,0.0167,True,True,724,0,False
740,1778849258.703,-0.0725,-0.1123,0.0754,1,点位1,912,0.1178,-0.0699,-0.1098,0.0729,1,点位1,912,0.1143,0.0035,0.0013,0.0035,True,True,729,0,False
741,1778849262.103,-0.0630,-0.1015,0.0658,1,点位1,912,0.1035,-0.0720,-0.1105,0.0750,1,点位1,912,0.1161,0.0127,0.0019,0.0127,True,True,723,0,False
742,1778849265.503,-0.0632,-0.1055,0.0661,1,点位1,912,0.1067,-0.0669,-0.0995,0.0698,1,点位1,912,0.1045,0.0071,0.0022,0.0071,True,True,735,0,False
